nodes	percent_of_prediction	percent_of_DWPC	metapath
Levocabastine—Dermatitis—Terazosin—hypertension	0.000555	0.00112	CcSEcCtD
Levocabastine—Fatigue—Eplerenone—hypertension	0.000555	0.00111	CcSEcCtD
Levocabastine—Nausea—Isradipine—hypertension	0.000554	0.00111	CcSEcCtD
Levocabastine—Pain—Fosinopril—hypertension	0.000554	0.00111	CcSEcCtD
Levocabastine—Headache—Terazosin—hypertension	0.000552	0.00111	CcSEcCtD
Levocabastine—Nausea—Guanfacine—hypertension	0.000552	0.00111	CcSEcCtD
Levocabastine—Dry mouth—Telmisartan—hypertension	0.000552	0.00111	CcSEcCtD
Levocabastine—Fatigue—Nifedipine—hypertension	0.000551	0.00111	CcSEcCtD
Levocabastine—Pain—Eplerenone—hypertension	0.00055	0.00111	CcSEcCtD
Levocabastine—Nausea—Nicardipine—hypertension	0.00055	0.0011	CcSEcCtD
Levocabastine—Fatigue—Verapamil—hypertension	0.000548	0.0011	CcSEcCtD
Levocabastine—Pain—Nifedipine—hypertension	0.000546	0.0011	CcSEcCtD
Levocabastine—Cough—Perindopril—hypertension	0.000546	0.0011	CcSEcCtD
Levocabastine—Visual impairment—Timolol—hypertension	0.000544	0.00109	CcSEcCtD
Levocabastine—Cough—Irbesartan—hypertension	0.000544	0.00109	CcSEcCtD
Levocabastine—Pain—Verapamil—hypertension	0.000544	0.00109	CcSEcCtD
Levocabastine—Nausea—Felodipine—hypertension	0.000544	0.00109	CcSEcCtD
Levocabastine—Nausea—Metolazone—hypertension	0.000544	0.00109	CcSEcCtD
Levocabastine—Rash—Acebutolol—hypertension	0.000542	0.00109	CcSEcCtD
Levocabastine—Nausea—Spironolactone—hypertension	0.000542	0.00109	CcSEcCtD
Levocabastine—Dermatitis—Acebutolol—hypertension	0.000541	0.00109	CcSEcCtD
Levocabastine—Asthenia—Guanabenz—hypertension	0.00054	0.00108	CcSEcCtD
Levocabastine—Asthenia—Metoprolol—hypertension	0.00054	0.00108	CcSEcCtD
Levocabastine—Cough—Hydrochlorothiazide—hypertension	0.00054	0.00108	CcSEcCtD
Levocabastine—Headache—Acebutolol—hypertension	0.000538	0.00108	CcSEcCtD
Levocabastine—Rash—Labetalol—hypertension	0.000537	0.00108	CcSEcCtD
Levocabastine—Dermatitis—Labetalol—hypertension	0.000536	0.00108	CcSEcCtD
Levocabastine—Dry mouth—Captopril—hypertension	0.000536	0.00108	CcSEcCtD
Levocabastine—Headache—Labetalol—hypertension	0.000534	0.00107	CcSEcCtD
Levocabastine—Nausea—Esmolol—hypertension	0.000531	0.00107	CcSEcCtD
Levocabastine—Dyspnoea—Valsartan—hypertension	0.000528	0.00106	CcSEcCtD
Levocabastine—Somnolence—Valsartan—hypertension	0.000526	0.00106	CcSEcCtD
Levocabastine—Cough—Betaxolol—hypertension	0.000525	0.00106	CcSEcCtD
Levocabastine—Nausea—Terazosin—hypertension	0.000524	0.00105	CcSEcCtD
Levocabastine—Dry mouth—Perindopril—hypertension	0.000521	0.00105	CcSEcCtD
Levocabastine—Pharyngitis—Lisinopril—hypertension	0.00052	0.00104	CcSEcCtD
Levocabastine—Rash—Eprosartan—hypertension	0.00052	0.00104	CcSEcCtD
Levocabastine—Dermatitis—Eprosartan—hypertension	0.00052	0.00104	CcSEcCtD
Levocabastine—Dry mouth—Irbesartan—hypertension	0.000519	0.00104	CcSEcCtD
Levocabastine—Headache—Eprosartan—hypertension	0.000517	0.00104	CcSEcCtD
Levocabastine—Dry mouth—Hydrochlorothiazide—hypertension	0.000515	0.00103	CcSEcCtD
Levocabastine—Cough—Losartan—hypertension	0.000512	0.00103	CcSEcCtD
Levocabastine—Nausea—Acebutolol—hypertension	0.00051	0.00103	CcSEcCtD
Levocabastine—Fatigue—Valsartan—hypertension	0.00051	0.00103	CcSEcCtD
Levocabastine—Fatigue—Olmesartan—hypertension	0.000508	0.00102	CcSEcCtD
Levocabastine—Dry mouth—Furosemide—hypertension	0.000506	0.00102	CcSEcCtD
Levocabastine—Nausea—Labetalol—hypertension	0.000506	0.00102	CcSEcCtD
Levocabastine—Rash—Nisoldipine—hypertension	0.000505	0.00101	CcSEcCtD
Levocabastine—Rash—Amlodipine—hypertension	0.000505	0.00101	CcSEcCtD
Levocabastine—Dermatitis—Amlodipine—hypertension	0.000505	0.00101	CcSEcCtD
Levocabastine—Dermatitis—Nisoldipine—hypertension	0.000505	0.00101	CcSEcCtD
Levocabastine—Pain—Olmesartan—hypertension	0.000504	0.00101	CcSEcCtD
Levocabastine—Dyspnoea—Clonidine—hypertension	0.000503	0.00101	CcSEcCtD
Levocabastine—Erythema—Ramipril—hypertension	0.000503	0.00101	CcSEcCtD
Levocabastine—Headache—Amlodipine—hypertension	0.000502	0.00101	CcSEcCtD
Levocabastine—Headache—Nisoldipine—hypertension	0.000502	0.00101	CcSEcCtD
Levocabastine—Somnolence—Clonidine—hypertension	0.000502	0.00101	CcSEcCtD
Levocabastine—Dry mouth—Betaxolol—hypertension	0.000501	0.00101	CcSEcCtD
Levocabastine—Asthenia—Propranolol—hypertension	0.000496	0.000996	CcSEcCtD
Levocabastine—Erythema—Timolol—hypertension	0.000492	0.000988	CcSEcCtD
Levocabastine—Dyspnoea—Trandolapril—hypertension	0.000491	0.000986	CcSEcCtD
Levocabastine—Nausea—Eprosartan—hypertension	0.00049	0.000984	CcSEcCtD
Levocabastine—Somnolence—Trandolapril—hypertension	0.000489	0.000983	CcSEcCtD
Levocabastine—Dyspnoea—Enalapril—hypertension	0.000489	0.000982	CcSEcCtD
Levocabastine—Dry mouth—Losartan—hypertension	0.000489	0.000981	CcSEcCtD
Levocabastine—Somnolence—Enalapril—hypertension	0.000487	0.000979	CcSEcCtD
Levocabastine—Fatigue—Clonidine—hypertension	0.000487	0.000977	CcSEcCtD
Levocabastine—Pain—Clonidine—hypertension	0.000483	0.000969	CcSEcCtD
Levocabastine—Dyspnoea—Telmisartan—hypertension	0.000482	0.000968	CcSEcCtD
Levocabastine—Somnolence—Telmisartan—hypertension	0.000481	0.000966	CcSEcCtD
Levocabastine—Asthenia—Diltiazem—hypertension	0.00048	0.000964	CcSEcCtD
Levocabastine—Asthenia—Indapamide—hypertension	0.00048	0.000964	CcSEcCtD
Levocabastine—Nausea—Amlodipine—hypertension	0.000476	0.000956	CcSEcCtD
Levocabastine—Nausea—Nisoldipine—hypertension	0.000476	0.000956	CcSEcCtD
Levocabastine—Asthenia—Carvedilol—hypertension	0.000475	0.000955	CcSEcCtD
Levocabastine—Rash—Metoprolol—hypertension	0.000475	0.000953	CcSEcCtD
Levocabastine—Rash—Guanabenz—hypertension	0.000475	0.000953	CcSEcCtD
Levocabastine—Fatigue—Trandolapril—hypertension	0.000475	0.000953	CcSEcCtD
Levocabastine—Dermatitis—Guanabenz—hypertension	0.000474	0.000953	CcSEcCtD
Levocabastine—Dermatitis—Metoprolol—hypertension	0.000474	0.000953	CcSEcCtD
Levocabastine—Fatigue—Enalapril—hypertension	0.000473	0.000949	CcSEcCtD
Levocabastine—Headache—Guanabenz—hypertension	0.000472	0.000947	CcSEcCtD
Levocabastine—Headache—Metoprolol—hypertension	0.000472	0.000947	CcSEcCtD
Levocabastine—Asthenia—Doxazosin—hypertension	0.00047	0.000944	CcSEcCtD
Levocabastine—Dyspnoea—Captopril—hypertension	0.000469	0.000942	CcSEcCtD
Levocabastine—Somnolence—Captopril—hypertension	0.000467	0.000939	CcSEcCtD
Levocabastine—Fatigue—Telmisartan—hypertension	0.000466	0.000936	CcSEcCtD
Levocabastine—Asthenia—Fosinopril—hypertension	0.000464	0.000933	CcSEcCtD
Levocabastine—Pain—Telmisartan—hypertension	0.000462	0.000929	CcSEcCtD
Levocabastine—Asthenia—Eplerenone—hypertension	0.000462	0.000927	CcSEcCtD
Levocabastine—Asthenia—Nifedipine—hypertension	0.000458	0.000921	CcSEcCtD
Levocabastine—Asthenia—Verapamil—hypertension	0.000456	0.000916	CcSEcCtD
Levocabastine—Erythema—Lisinopril—hypertension	0.000456	0.000916	CcSEcCtD
Levocabastine—Dyspnoea—Perindopril—hypertension	0.000455	0.000914	CcSEcCtD
Levocabastine—Somnolence—Perindopril—hypertension	0.000454	0.000912	CcSEcCtD
Levocabastine—Dyspnoea—Irbesartan—hypertension	0.000454	0.000911	CcSEcCtD
Levocabastine—Fatigue—Captopril—hypertension	0.000453	0.000911	CcSEcCtD
Levocabastine—Somnolence—Irbesartan—hypertension	0.000452	0.000909	CcSEcCtD
Levocabastine—Dyspnoea—Hydrochlorothiazide—hypertension	0.00045	0.000904	CcSEcCtD
Levocabastine—Somnolence—Hydrochlorothiazide—hypertension	0.000449	0.000901	CcSEcCtD
Levocabastine—Nausea—Guanabenz—hypertension	0.000447	0.000898	CcSEcCtD
Levocabastine—Nausea—Metoprolol—hypertension	0.000447	0.000898	CcSEcCtD
Levocabastine—Somnolence—Furosemide—hypertension	0.000441	0.000886	CcSEcCtD
Levocabastine—Fatigue—Perindopril—hypertension	0.00044	0.000884	CcSEcCtD
Levocabastine—Cough—Ramipril—hypertension	0.000439	0.000882	CcSEcCtD
Levocabastine—Fatigue—Irbesartan—hypertension	0.000439	0.000881	CcSEcCtD
Levocabastine—Dyspnoea—Betaxolol—hypertension	0.000438	0.00088	CcSEcCtD
Levocabastine—Pain—Perindopril—hypertension	0.000437	0.000877	CcSEcCtD
Levocabastine—Rash—Propranolol—hypertension	0.000436	0.000876	CcSEcCtD
Levocabastine—Dermatitis—Propranolol—hypertension	0.000435	0.000875	CcSEcCtD
Levocabastine—Pain—Irbesartan—hypertension	0.000435	0.000874	CcSEcCtD
Levocabastine—Fatigue—Hydrochlorothiazide—hypertension	0.000435	0.000874	CcSEcCtD
Levocabastine—Pain—Hydrochlorothiazide—hypertension	0.000432	0.000867	CcSEcCtD
Levocabastine—Cough—Timolol—hypertension	0.000429	0.000862	CcSEcCtD
Levocabastine—Fatigue—Furosemide—hypertension	0.000428	0.000859	CcSEcCtD
Levocabastine—Dyspnoea—Losartan—hypertension	0.000427	0.000858	CcSEcCtD
Levocabastine—Somnolence—Losartan—hypertension	0.000426	0.000855	CcSEcCtD
Levocabastine—Asthenia—Valsartan—hypertension	0.000425	0.000853	CcSEcCtD
Levocabastine—Pain—Furosemide—hypertension	0.000424	0.000852	CcSEcCtD
Levocabastine—Fatigue—Betaxolol—hypertension	0.000424	0.000851	CcSEcCtD
Levocabastine—Asthenia—Olmesartan—hypertension	0.000423	0.000849	CcSEcCtD
Levocabastine—Rash—Diltiazem—hypertension	0.000422	0.000847	CcSEcCtD
Levocabastine—Rash—Indapamide—hypertension	0.000422	0.000847	CcSEcCtD
Levocabastine—Dermatitis—Diltiazem—hypertension	0.000422	0.000847	CcSEcCtD
Levocabastine—Dermatitis—Indapamide—hypertension	0.000422	0.000847	CcSEcCtD
Levocabastine—Pain—Betaxolol—hypertension	0.00042	0.000844	CcSEcCtD
Levocabastine—Headache—Indapamide—hypertension	0.000419	0.000842	CcSEcCtD
Levocabastine—Headache—Diltiazem—hypertension	0.000419	0.000842	CcSEcCtD
Levocabastine—Dry mouth—Ramipril—hypertension	0.000419	0.000841	CcSEcCtD
Levocabastine—Rash—Carvedilol—hypertension	0.000418	0.000839	CcSEcCtD
Levocabastine—Dermatitis—Carvedilol—hypertension	0.000417	0.000838	CcSEcCtD
Levocabastine—Headache—Carvedilol—hypertension	0.000415	0.000834	CcSEcCtD
Levocabastine—Rash—Doxazosin—hypertension	0.000413	0.00083	CcSEcCtD
Levocabastine—Fatigue—Losartan—hypertension	0.000413	0.000829	CcSEcCtD
Levocabastine—Dermatitis—Doxazosin—hypertension	0.000413	0.000829	CcSEcCtD
Levocabastine—Nausea—Propranolol—hypertension	0.000411	0.000825	CcSEcCtD
Levocabastine—Headache—Doxazosin—hypertension	0.000411	0.000825	CcSEcCtD
Levocabastine—Dry mouth—Timolol—hypertension	0.00041	0.000823	CcSEcCtD
Levocabastine—Pain—Losartan—hypertension	0.000409	0.000823	CcSEcCtD
Levocabastine—Rash—Fosinopril—hypertension	0.000408	0.00082	CcSEcCtD
Levocabastine—Dermatitis—Fosinopril—hypertension	0.000408	0.000819	CcSEcCtD
Levocabastine—Rash—Eplerenone—hypertension	0.000406	0.000815	CcSEcCtD
Levocabastine—Headache—Fosinopril—hypertension	0.000406	0.000815	CcSEcCtD
Levocabastine—Dermatitis—Eplerenone—hypertension	0.000405	0.000814	CcSEcCtD
Levocabastine—Asthenia—Clonidine—hypertension	0.000405	0.000813	CcSEcCtD
Levocabastine—Headache—Eplerenone—hypertension	0.000403	0.00081	CcSEcCtD
Levocabastine—Rash—Nifedipine—hypertension	0.000403	0.000809	CcSEcCtD
Levocabastine—Dermatitis—Nifedipine—hypertension	0.000402	0.000808	CcSEcCtD
Levocabastine—Rash—Verapamil—hypertension	0.000401	0.000805	CcSEcCtD
Levocabastine—Dermatitis—Verapamil—hypertension	0.000401	0.000805	CcSEcCtD
Levocabastine—Headache—Nifedipine—hypertension	0.0004	0.000804	CcSEcCtD
Levocabastine—Headache—Verapamil—hypertension	0.000398	0.0008	CcSEcCtD
Levocabastine—Cough—Lisinopril—hypertension	0.000398	0.0008	CcSEcCtD
Levocabastine—Nausea—Diltiazem—hypertension	0.000397	0.000798	CcSEcCtD
Levocabastine—Nausea—Indapamide—hypertension	0.000397	0.000798	CcSEcCtD
Levocabastine—Asthenia—Trandolapril—hypertension	0.000395	0.000793	CcSEcCtD
Levocabastine—Nausea—Carvedilol—hypertension	0.000394	0.000791	CcSEcCtD
Levocabastine—Asthenia—Enalapril—hypertension	0.000393	0.00079	CcSEcCtD
Levocabastine—Nausea—Doxazosin—hypertension	0.000389	0.000782	CcSEcCtD
Levocabastine—Asthenia—Telmisartan—hypertension	0.000388	0.000779	CcSEcCtD
Levocabastine—Nausea—Fosinopril—hypertension	0.000385	0.000772	CcSEcCtD
Levocabastine—Nausea—Eplerenone—hypertension	0.000382	0.000768	CcSEcCtD
Levocabastine—Dry mouth—Lisinopril—hypertension	0.00038	0.000763	CcSEcCtD
Levocabastine—Nausea—Nifedipine—hypertension	0.000379	0.000762	CcSEcCtD
Levocabastine—Nausea—Verapamil—hypertension	0.000378	0.000759	CcSEcCtD
Levocabastine—Asthenia—Captopril—hypertension	0.000377	0.000758	CcSEcCtD
Levocabastine—Rash—Valsartan—hypertension	0.000373	0.00075	CcSEcCtD
Levocabastine—Dermatitis—Valsartan—hypertension	0.000373	0.000749	CcSEcCtD
Levocabastine—Rash—Olmesartan—hypertension	0.000372	0.000746	CcSEcCtD
Levocabastine—Dermatitis—Olmesartan—hypertension	0.000371	0.000746	CcSEcCtD
Levocabastine—Headache—Valsartan—hypertension	0.000371	0.000745	CcSEcCtD
Levocabastine—Headache—Olmesartan—hypertension	0.000369	0.000741	CcSEcCtD
Levocabastine—Asthenia—Perindopril—hypertension	0.000366	0.000736	CcSEcCtD
Levocabastine—Dyspnoea—Ramipril—hypertension	0.000366	0.000735	CcSEcCtD
Levocabastine—Asthenia—Irbesartan—hypertension	0.000365	0.000733	CcSEcCtD
Levocabastine—Somnolence—Ramipril—hypertension	0.000365	0.000733	CcSEcCtD
Levocabastine—Asthenia—Hydrochlorothiazide—hypertension	0.000362	0.000727	CcSEcCtD
Levocabastine—Dyspnoea—Timolol—hypertension	0.000358	0.000719	CcSEcCtD
Levocabastine—Somnolence—Timolol—hypertension	0.000357	0.000717	CcSEcCtD
Levocabastine—Asthenia—Furosemide—hypertension	0.000356	0.000715	CcSEcCtD
Levocabastine—Rash—Clonidine—hypertension	0.000356	0.000715	CcSEcCtD
Levocabastine—Dermatitis—Clonidine—hypertension	0.000356	0.000714	CcSEcCtD
Levocabastine—Fatigue—Ramipril—hypertension	0.000354	0.000711	CcSEcCtD
Levocabastine—Headache—Clonidine—hypertension	0.000354	0.00071	CcSEcCtD
Levocabastine—Asthenia—Betaxolol—hypertension	0.000353	0.000708	CcSEcCtD
Levocabastine—Nausea—Valsartan—hypertension	0.000352	0.000706	CcSEcCtD
Levocabastine—Nausea—Olmesartan—hypertension	0.00035	0.000703	CcSEcCtD
Levocabastine—Rash—Trandolapril—hypertension	0.000347	0.000697	CcSEcCtD
Levocabastine—Dermatitis—Trandolapril—hypertension	0.000347	0.000696	CcSEcCtD
Levocabastine—Fatigue—Timolol—hypertension	0.000346	0.000695	CcSEcCtD
Levocabastine—Rash—Enalapril—hypertension	0.000346	0.000694	CcSEcCtD
Levocabastine—Dermatitis—Enalapril—hypertension	0.000345	0.000694	CcSEcCtD
Levocabastine—Headache—Trandolapril—hypertension	0.000345	0.000693	CcSEcCtD
Levocabastine—Asthenia—Losartan—hypertension	0.000344	0.00069	CcSEcCtD
Levocabastine—Headache—Enalapril—hypertension	0.000343	0.00069	CcSEcCtD
Levocabastine—Pain—Timolol—hypertension	0.000343	0.000689	CcSEcCtD
Levocabastine—Rash—Telmisartan—hypertension	0.000341	0.000685	CcSEcCtD
Levocabastine—Dermatitis—Telmisartan—hypertension	0.000341	0.000684	CcSEcCtD
Levocabastine—Headache—Telmisartan—hypertension	0.000339	0.00068	CcSEcCtD
Levocabastine—Nausea—Clonidine—hypertension	0.000335	0.000673	CcSEcCtD
Levocabastine—Dyspnoea—Lisinopril—hypertension	0.000332	0.000667	CcSEcCtD
Levocabastine—Rash—Captopril—hypertension	0.000332	0.000666	CcSEcCtD
Levocabastine—Dermatitis—Captopril—hypertension	0.000331	0.000665	CcSEcCtD
Levocabastine—Somnolence—Lisinopril—hypertension	0.000331	0.000665	CcSEcCtD
Levocabastine—Headache—Captopril—hypertension	0.000329	0.000662	CcSEcCtD
Levocabastine—Nausea—Trandolapril—hypertension	0.000327	0.000657	CcSEcCtD
Levocabastine—Nausea—Enalapril—hypertension	0.000326	0.000654	CcSEcCtD
Levocabastine—Rash—Perindopril—hypertension	0.000322	0.000647	CcSEcCtD
Levocabastine—Dermatitis—Perindopril—hypertension	0.000322	0.000646	CcSEcCtD
Levocabastine—Nausea—Telmisartan—hypertension	0.000321	0.000645	CcSEcCtD
Levocabastine—Fatigue—Lisinopril—hypertension	0.000321	0.000645	CcSEcCtD
Levocabastine—Rash—Irbesartan—hypertension	0.000321	0.000644	CcSEcCtD
Levocabastine—Dermatitis—Irbesartan—hypertension	0.000321	0.000644	CcSEcCtD
Levocabastine—Headache—Perindopril—hypertension	0.00032	0.000642	CcSEcCtD
Levocabastine—Headache—Irbesartan—hypertension	0.000319	0.00064	CcSEcCtD
Levocabastine—Pain—Lisinopril—hypertension	0.000318	0.00064	CcSEcCtD
Levocabastine—Rash—Hydrochlorothiazide—hypertension	0.000318	0.000639	CcSEcCtD
Levocabastine—Dermatitis—Hydrochlorothiazide—hypertension	0.000318	0.000639	CcSEcCtD
Levocabastine—Headache—Hydrochlorothiazide—hypertension	0.000316	0.000635	CcSEcCtD
Levocabastine—Rash—Furosemide—hypertension	0.000313	0.000629	CcSEcCtD
Levocabastine—Dermatitis—Furosemide—hypertension	0.000313	0.000628	CcSEcCtD
Levocabastine—Nausea—Captopril—hypertension	0.000312	0.000627	CcSEcCtD
Levocabastine—Headache—Furosemide—hypertension	0.000311	0.000625	CcSEcCtD
Levocabastine—Rash—Betaxolol—hypertension	0.00031	0.000622	CcSEcCtD
Levocabastine—Dermatitis—Betaxolol—hypertension	0.00031	0.000622	CcSEcCtD
Levocabastine—Headache—Betaxolol—hypertension	0.000308	0.000618	CcSEcCtD
Levocabastine—Nausea—Perindopril—hypertension	0.000303	0.000609	CcSEcCtD
Levocabastine—Nausea—Irbesartan—hypertension	0.000302	0.000607	CcSEcCtD
Levocabastine—Rash—Losartan—hypertension	0.000302	0.000606	CcSEcCtD
Levocabastine—Dermatitis—Losartan—hypertension	0.000302	0.000606	CcSEcCtD
Levocabastine—Headache—Losartan—hypertension	0.0003	0.000603	CcSEcCtD
Levocabastine—Nausea—Hydrochlorothiazide—hypertension	0.0003	0.000602	CcSEcCtD
Levocabastine—Nausea—Furosemide—hypertension	0.000295	0.000592	CcSEcCtD
Levocabastine—Asthenia—Ramipril—hypertension	0.000295	0.000592	CcSEcCtD
Levocabastine—Nausea—Betaxolol—hypertension	0.000292	0.000586	CcSEcCtD
Levocabastine—Asthenia—Timolol—hypertension	0.000288	0.000578	CcSEcCtD
Levocabastine—Nausea—Losartan—hypertension	0.000284	0.000571	CcSEcCtD
Levocabastine—Asthenia—Lisinopril—hypertension	0.000267	0.000537	CcSEcCtD
Levocabastine—Rash—Ramipril—hypertension	0.000259	0.00052	CcSEcCtD
Levocabastine—Dermatitis—Ramipril—hypertension	0.000259	0.00052	CcSEcCtD
Levocabastine—Headache—Ramipril—hypertension	0.000257	0.000517	CcSEcCtD
Levocabastine—Rash—Timolol—hypertension	0.000253	0.000508	CcSEcCtD
Levocabastine—Dermatitis—Timolol—hypertension	0.000253	0.000508	CcSEcCtD
Levocabastine—Headache—Timolol—hypertension	0.000251	0.000505	CcSEcCtD
Levocabastine—Nausea—Ramipril—hypertension	0.000244	0.00049	CcSEcCtD
Levocabastine—Nausea—Timolol—hypertension	0.000238	0.000479	CcSEcCtD
Levocabastine—Rash—Lisinopril—hypertension	0.000235	0.000472	CcSEcCtD
Levocabastine—Dermatitis—Lisinopril—hypertension	0.000235	0.000471	CcSEcCtD
Levocabastine—Headache—Lisinopril—hypertension	0.000233	0.000469	CcSEcCtD
Levocabastine—Nausea—Lisinopril—hypertension	0.000221	0.000444	CcSEcCtD
Levocabastine—HRH1—Signaling Pathways—TACR2—hypertension	3.98e-05	7.93e-05	CbGpPWpGaD
Levocabastine—HRH1—Signaling Pathways—UTS2R—hypertension	3.98e-05	7.93e-05	CbGpPWpGaD
Levocabastine—HRH1—GPCR downstream signaling—ADRA2A—hypertension	3.98e-05	7.93e-05	CbGpPWpGaD
Levocabastine—HRH1—GPCR ligand binding—F2—hypertension	3.98e-05	7.93e-05	CbGpPWpGaD
Levocabastine—HRH1—GPCR downstream signaling—GHRL—hypertension	3.96e-05	7.9e-05	CbGpPWpGaD
Levocabastine—HRH1—GPCR downstream signaling—CALCA—hypertension	3.92e-05	7.8e-05	CbGpPWpGaD
Levocabastine—HRH1—Signaling by GPCR—EDNRB—hypertension	3.91e-05	7.79e-05	CbGpPWpGaD
Levocabastine—HRH1—Signaling by GPCR—TAC1—hypertension	3.87e-05	7.71e-05	CbGpPWpGaD
Levocabastine—HRH1—Signaling Pathways—ADORA1—hypertension	3.83e-05	7.64e-05	CbGpPWpGaD
Levocabastine—HRH1—GPCR downstream signaling—BDKRB2—hypertension	3.83e-05	7.62e-05	CbGpPWpGaD
Levocabastine—HRH1—Signaling by GPCR—CXCR3—hypertension	3.8e-05	7.56e-05	CbGpPWpGaD
Levocabastine—HRH1—Signaling by GPCR—ANXA1—hypertension	3.8e-05	7.56e-05	CbGpPWpGaD
Levocabastine—HRH1—GPCR downstream signaling—ADRBK1—hypertension	3.78e-05	7.53e-05	CbGpPWpGaD
Levocabastine—HRH1—GPCR downstream signaling—CNR1—hypertension	3.75e-05	7.48e-05	CbGpPWpGaD
Levocabastine—HRH1—Signaling Pathways—HTR2B—hypertension	3.7e-05	7.37e-05	CbGpPWpGaD
Levocabastine—HRH1—Signaling Pathways—NEDD4L—hypertension	3.7e-05	7.37e-05	CbGpPWpGaD
Levocabastine—HRH1—Signaling Pathways—PPBP—hypertension	3.7e-05	7.37e-05	CbGpPWpGaD
Levocabastine—HRH1—Signaling Pathways—PGF—hypertension	3.7e-05	7.37e-05	CbGpPWpGaD
Levocabastine—HRH1—Signaling by GPCR—EDNRA—hypertension	3.69e-05	7.36e-05	CbGpPWpGaD
Levocabastine—HRH1—Signaling by GPCR—SST—hypertension	3.69e-05	7.36e-05	CbGpPWpGaD
Levocabastine—HRH1—Class A/1 (Rhodopsin-like receptors)—CXCL8—hypertension	3.68e-05	7.33e-05	CbGpPWpGaD
Levocabastine—HRH1—Signaling by GPCR—DRD3—hypertension	3.68e-05	7.32e-05	CbGpPWpGaD
Levocabastine—HRH1—Signaling by GPCR—ADRB1—hypertension	3.68e-05	7.32e-05	CbGpPWpGaD
Levocabastine—HRH1—GPCR downstream signaling—DRD2—hypertension	3.66e-05	7.29e-05	CbGpPWpGaD
Levocabastine—HRH1—GPCR downstream signaling—HTR7—hypertension	3.66e-05	7.29e-05	CbGpPWpGaD
Levocabastine—HRH1—Signaling Pathways—NFATC2—hypertension	3.64e-05	7.25e-05	CbGpPWpGaD
Levocabastine—HRH1—Signaling Pathways—LEPR—hypertension	3.64e-05	7.25e-05	CbGpPWpGaD
Levocabastine—HRH1—Gastrin-CREB signalling pathway via PKC and MAPK—EGFR—hypertension	3.64e-05	7.24e-05	CbGpPWpGaD
Levocabastine—HRH1—GPCR downstream signaling—GCG—hypertension	3.63e-05	7.22e-05	CbGpPWpGaD
Levocabastine—HRH1—GPCR ligand binding—POMC—hypertension	3.63e-05	7.22e-05	CbGpPWpGaD
Levocabastine—HRH1—Signaling by GPCR—ADRA2A—hypertension	3.62e-05	7.2e-05	CbGpPWpGaD
Levocabastine—HRH1—Signaling by GPCR—GHRL—hypertension	3.6e-05	7.17e-05	CbGpPWpGaD
Levocabastine—HRH1—Signaling by GPCR—CALCA—hypertension	3.56e-05	7.08e-05	CbGpPWpGaD
Levocabastine—HRH1—GPCR ligand binding—CCL2—hypertension	3.55e-05	7.06e-05	CbGpPWpGaD
Levocabastine—HRH1—Signaling Pathways—PDE4A—hypertension	3.48e-05	6.93e-05	CbGpPWpGaD
Levocabastine—HRH1—Signaling Pathways—ATP2A3—hypertension	3.48e-05	6.93e-05	CbGpPWpGaD
Levocabastine—HRH1—GPCR downstream signaling—KNG1—hypertension	3.48e-05	6.93e-05	CbGpPWpGaD
Levocabastine—HRH1—Signaling by GPCR—BDKRB2—hypertension	3.47e-05	6.92e-05	CbGpPWpGaD
Levocabastine—HRH1—GPCR downstream signaling—AGTR1—hypertension	3.46e-05	6.89e-05	CbGpPWpGaD
Levocabastine—NTSR2—Signaling Pathways—TP53—hypertension	3.44e-05	6.85e-05	CbGpPWpGaD
Levocabastine—HRH1—Signaling by GPCR—ADRBK1—hypertension	3.43e-05	6.84e-05	CbGpPWpGaD
Levocabastine—HRH1—Signaling by GPCR—CNR1—hypertension	3.41e-05	6.79e-05	CbGpPWpGaD
Levocabastine—HRH1—Signaling Pathways—INHBA—hypertension	3.39e-05	6.74e-05	CbGpPWpGaD
Levocabastine—HRH1—Signaling Pathways—ARHGDIA—hypertension	3.39e-05	6.74e-05	CbGpPWpGaD
Levocabastine—HRH1—Signaling Pathways—ADRA1A—hypertension	3.39e-05	6.74e-05	CbGpPWpGaD
Levocabastine—HRH1—GPCR downstream signaling—CXCL10—hypertension	3.38e-05	6.73e-05	CbGpPWpGaD
Levocabastine—HRH1—Signaling by GPCR—CALM2—hypertension	3.37e-05	6.72e-05	CbGpPWpGaD
Levocabastine—HRH1—Signaling Pathways—ROCK2—hypertension	3.34e-05	6.66e-05	CbGpPWpGaD
Levocabastine—HRH1—Signaling by GPCR—DRD2—hypertension	3.33e-05	6.62e-05	CbGpPWpGaD
Levocabastine—HRH1—Signaling by GPCR—HTR7—hypertension	3.33e-05	6.62e-05	CbGpPWpGaD
Levocabastine—HRH1—Signaling by GPCR—GCG—hypertension	3.29e-05	6.56e-05	CbGpPWpGaD
Levocabastine—HRH1—GPCR downstream signaling—ADRB2—hypertension	3.28e-05	6.54e-05	CbGpPWpGaD
Levocabastine—HRH1—Signaling Pathways—CYSLTR1—hypertension	3.26e-05	6.49e-05	CbGpPWpGaD
Levocabastine—HRH1—Signaling Pathways—AVPR1A—hypertension	3.26e-05	6.49e-05	CbGpPWpGaD
Levocabastine—HRH1—GPCR downstream signaling—PRKCE—hypertension	3.24e-05	6.45e-05	CbGpPWpGaD
Levocabastine—HRH1—Signaling Pathways—LHB—hypertension	3.22e-05	6.42e-05	CbGpPWpGaD
Levocabastine—HRH1—GPCR downstream signaling—VAV3—hypertension	3.2e-05	6.37e-05	CbGpPWpGaD
Levocabastine—HRH1—Signaling Pathways—GAL—hypertension	3.18e-05	6.34e-05	CbGpPWpGaD
Levocabastine—HRH1—Signaling Pathways—RGS2—hypertension	3.18e-05	6.34e-05	CbGpPWpGaD
Levocabastine—HRH1—Signaling by GPCR—KNG1—hypertension	3.16e-05	6.29e-05	CbGpPWpGaD
Levocabastine—NTSR2—Signaling Pathways—IL6—hypertension	3.15e-05	6.27e-05	CbGpPWpGaD
Levocabastine—HRH1—Signaling Pathways—CMA1—hypertension	3.15e-05	6.27e-05	CbGpPWpGaD
Levocabastine—HRH1—Signaling Pathways—GNRH1—hypertension	3.15e-05	6.27e-05	CbGpPWpGaD
Levocabastine—HRH1—Signaling Pathways—UTS2—hypertension	3.15e-05	6.27e-05	CbGpPWpGaD
Levocabastine—HRH1—Signaling Pathways—VIP—hypertension	3.15e-05	6.27e-05	CbGpPWpGaD
Levocabastine—HRH1—Signaling Pathways—TRH—hypertension	3.15e-05	6.27e-05	CbGpPWpGaD
Levocabastine—HRH1—Signaling Pathways—CRHR1—hypertension	3.15e-05	6.27e-05	CbGpPWpGaD
Levocabastine—HRH1—Signaling by GPCR—AGTR1—hypertension	3.14e-05	6.26e-05	CbGpPWpGaD
Levocabastine—HRH1—GPCR downstream signaling—GNB3—hypertension	3.13e-05	6.22e-05	CbGpPWpGaD
Levocabastine—HRH1—GPCR downstream signaling—AVP—hypertension	3.08e-05	6.14e-05	CbGpPWpGaD
Levocabastine—HRH1—Signaling by GPCR—CXCL10—hypertension	3.07e-05	6.11e-05	CbGpPWpGaD
Levocabastine—HRH1—Signaling Pathways—OXTR—hypertension	3.05e-05	6.07e-05	CbGpPWpGaD
Levocabastine—HRH1—GPCR downstream signaling—GNAS—hypertension	3.04e-05	6.06e-05	CbGpPWpGaD
Levocabastine—HRH1—Signaling Pathways—CX3CR1—hypertension	3.02e-05	6.01e-05	CbGpPWpGaD
Levocabastine—HRH1—Signaling Pathways—TRPC3—hypertension	3.02e-05	6.01e-05	CbGpPWpGaD
Levocabastine—HRH1—Signaling Pathways—LRP2—hypertension	3.02e-05	6.01e-05	CbGpPWpGaD
Levocabastine—HRH1—Signaling Pathways—CASR—hypertension	3.02e-05	6.01e-05	CbGpPWpGaD
Levocabastine—HRH1—Signaling by GPCR—ADRB2—hypertension	2.98e-05	5.93e-05	CbGpPWpGaD
Levocabastine—HRH1—Signaling Pathways—BDKRB1—hypertension	2.96e-05	5.9e-05	CbGpPWpGaD
Levocabastine—HRH1—Signaling Pathways—HDAC6—hypertension	2.96e-05	5.9e-05	CbGpPWpGaD
Levocabastine—HRH1—Signaling Pathways—CX3CL1—hypertension	2.96e-05	5.9e-05	CbGpPWpGaD
Levocabastine—HRH1—Signaling by GPCR—PRKCE—hypertension	2.94e-05	5.86e-05	CbGpPWpGaD
Levocabastine—HRH1—GPCR downstream signaling—EDN1—hypertension	2.93e-05	5.84e-05	CbGpPWpGaD
Levocabastine—HRH1—GPCR downstream signaling—CCL5—hypertension	2.91e-05	5.79e-05	CbGpPWpGaD
Levocabastine—HRH1—Signaling by GPCR—VAV3—hypertension	2.91e-05	5.79e-05	CbGpPWpGaD
Levocabastine—HRH1—Signaling Pathways—HSPG2—hypertension	2.91e-05	5.79e-05	CbGpPWpGaD
Levocabastine—NTSR2—Signaling Pathways—AKT1—hypertension	2.9e-05	5.78e-05	CbGpPWpGaD
Levocabastine—HRH1—Signaling Pathways—ADM—hypertension	2.88e-05	5.73e-05	CbGpPWpGaD
Levocabastine—HRH1—Signaling Pathways—PRKG1—hypertension	2.88e-05	5.73e-05	CbGpPWpGaD
Levocabastine—HRH1—Signaling Pathways—PTH—hypertension	2.88e-05	5.73e-05	CbGpPWpGaD
Levocabastine—HRH1—Signaling Pathways—PDE4D—hypertension	2.88e-05	5.73e-05	CbGpPWpGaD
Levocabastine—HRH1—Signaling Pathways—GABBR1—hypertension	2.88e-05	5.73e-05	CbGpPWpGaD
Levocabastine—HRH1—Signaling by GPCR—GNB3—hypertension	2.84e-05	5.65e-05	CbGpPWpGaD
Levocabastine—HRH1—Signaling Pathways—GLP1R—hypertension	2.81e-05	5.59e-05	CbGpPWpGaD
Levocabastine—HRH1—Signaling Pathways—CYBB—hypertension	2.81e-05	5.59e-05	CbGpPWpGaD
Levocabastine—HRH1—Signaling Pathways—TACR1—hypertension	2.81e-05	5.59e-05	CbGpPWpGaD
Levocabastine—HRH1—GPCR ligand binding—CXCL8—hypertension	2.8e-05	5.59e-05	CbGpPWpGaD
Levocabastine—HRH1—Signaling by GPCR—AVP—hypertension	2.8e-05	5.58e-05	CbGpPWpGaD
Levocabastine—HRH1—Gastrin-CREB signalling pathway via PKC and MAPK—IL6—hypertension	2.79e-05	5.56e-05	CbGpPWpGaD
Levocabastine—HRH1—GPCR downstream signaling—ADCY5—hypertension	2.79e-05	5.55e-05	CbGpPWpGaD
Levocabastine—HRH1—GPCR downstream signaling—PRKCG—hypertension	2.77e-05	5.51e-05	CbGpPWpGaD
Levocabastine—HRH1—Signaling by GPCR—GNAS—hypertension	2.76e-05	5.5e-05	CbGpPWpGaD
Levocabastine—HRH1—Signaling Pathways—HRH3—hypertension	2.76e-05	5.5e-05	CbGpPWpGaD
Levocabastine—HRH1—GPCR downstream signaling—PRKCA—hypertension	2.75e-05	5.47e-05	CbGpPWpGaD
Levocabastine—HRH1—Signaling by GPCR—EDN1—hypertension	2.66e-05	5.3e-05	CbGpPWpGaD
Levocabastine—HRH1—Signaling by GPCR—CCL5—hypertension	2.64e-05	5.26e-05	CbGpPWpGaD
Levocabastine—HRH1—GPCR downstream signaling—CCR5—hypertension	2.62e-05	5.22e-05	CbGpPWpGaD
Levocabastine—HRH1—GPCR downstream signaling—PRKCD—hypertension	2.62e-05	5.22e-05	CbGpPWpGaD
Levocabastine—HRH1—Signaling Pathways—NCF2—hypertension	2.57e-05	5.11e-05	CbGpPWpGaD
Levocabastine—HRH1—GPCR downstream signaling—HTR2A—hypertension	2.57e-05	5.11e-05	CbGpPWpGaD
Levocabastine—HRH1—GPCR downstream signaling—C3—hypertension	2.56e-05	5.1e-05	CbGpPWpGaD
Levocabastine—HRH1—Signaling by GPCR—ADCY5—hypertension	2.53e-05	5.04e-05	CbGpPWpGaD
Levocabastine—HRH1—Signaling by GPCR—PRKCG—hypertension	2.51e-05	5e-05	CbGpPWpGaD
Levocabastine—HRH1—Signaling Pathways—NPY—hypertension	2.5e-05	4.98e-05	CbGpPWpGaD
Levocabastine—HRH1—Signaling Pathways—VWF—hypertension	2.5e-05	4.98e-05	CbGpPWpGaD
Levocabastine—HRH1—Signaling by GPCR—PRKCA—hypertension	2.5e-05	4.97e-05	CbGpPWpGaD
Levocabastine—HRH1—GPCR downstream signaling—AGT—hypertension	2.43e-05	4.85e-05	CbGpPWpGaD
Levocabastine—HRH1—Signaling Pathways—AGTR2—hypertension	2.41e-05	4.81e-05	CbGpPWpGaD
Levocabastine—HRH1—Signaling Pathways—CXCL2—hypertension	2.41e-05	4.81e-05	CbGpPWpGaD
Levocabastine—HRH1—Signaling Pathways—OXT—hypertension	2.41e-05	4.81e-05	CbGpPWpGaD
Levocabastine—HRH1—Signaling Pathways—HTR1B—hypertension	2.41e-05	4.81e-05	CbGpPWpGaD
Levocabastine—HRH1—Signaling Pathways—F2R—hypertension	2.39e-05	4.75e-05	CbGpPWpGaD
Levocabastine—HRH1—Signaling Pathways—TGFBR1—hypertension	2.39e-05	4.75e-05	CbGpPWpGaD
Levocabastine—HRH1—Signaling by GPCR—CCR5—hypertension	2.38e-05	4.74e-05	CbGpPWpGaD
Levocabastine—HRH1—Signaling by GPCR—PRKCD—hypertension	2.38e-05	4.74e-05	CbGpPWpGaD
Levocabastine—HRH1—Signaling by GPCR—HTR2A—hypertension	2.33e-05	4.64e-05	CbGpPWpGaD
Levocabastine—HRH1—Signaling by GPCR—C3—hypertension	2.33e-05	4.63e-05	CbGpPWpGaD
Levocabastine—HRH1—Signaling Pathways—NCF1—hypertension	2.31e-05	4.6e-05	CbGpPWpGaD
Levocabastine—HRH1—Signaling Pathways—EDNRB—hypertension	2.31e-05	4.6e-05	CbGpPWpGaD
Levocabastine—HRH1—Signaling Pathways—TAC1—hypertension	2.29e-05	4.56e-05	CbGpPWpGaD
Levocabastine—HRH1—GPCR downstream signaling—PRKCB—hypertension	2.25e-05	4.48e-05	CbGpPWpGaD
Levocabastine—HRH1—GPCR downstream signaling—F2—hypertension	2.25e-05	4.48e-05	CbGpPWpGaD
Levocabastine—HRH1—Signaling Pathways—CXCR3—hypertension	2.24e-05	4.47e-05	CbGpPWpGaD
Levocabastine—HRH1—Signaling Pathways—ANXA1—hypertension	2.24e-05	4.47e-05	CbGpPWpGaD
Levocabastine—HRH1—Signaling Pathways—IKBKB—hypertension	2.22e-05	4.43e-05	CbGpPWpGaD
Levocabastine—HRH1—Signaling by GPCR—AGT—hypertension	2.21e-05	4.4e-05	CbGpPWpGaD
Levocabastine—HRH1—Signaling Pathways—SST—hypertension	2.18e-05	4.35e-05	CbGpPWpGaD
Levocabastine—HRH1—Signaling Pathways—EDNRA—hypertension	2.18e-05	4.35e-05	CbGpPWpGaD
Levocabastine—HRH1—Signaling by GPCR—CALM1—hypertension	2.17e-05	4.33e-05	CbGpPWpGaD
Levocabastine—HRH1—Signaling Pathways—FLT1—hypertension	2.17e-05	4.33e-05	CbGpPWpGaD
Levocabastine—HRH1—Signaling Pathways—DRD3—hypertension	2.17e-05	4.33e-05	CbGpPWpGaD
Levocabastine—HRH1—Signaling Pathways—CYBA—hypertension	2.17e-05	4.33e-05	CbGpPWpGaD
Levocabastine—HRH1—Signaling Pathways—ADRB1—hypertension	2.17e-05	4.33e-05	CbGpPWpGaD
Levocabastine—HRH1—Signaling Pathways—ADRA2A—hypertension	2.14e-05	4.25e-05	CbGpPWpGaD
Levocabastine—HRH1—Signaling Pathways—GHRL—hypertension	2.13e-05	4.24e-05	CbGpPWpGaD
Levocabastine—HRH1—Signaling Pathways—PLAT—hypertension	2.13e-05	4.24e-05	CbGpPWpGaD
Levocabastine—HRH1—Signaling Pathways—CALCA—hypertension	2.1e-05	4.18e-05	CbGpPWpGaD
Levocabastine—HRH1—Signaling Pathways—BDKRB2—hypertension	2.05e-05	4.09e-05	CbGpPWpGaD
Levocabastine—HRH1—GPCR downstream signaling—POMC—hypertension	2.05e-05	4.08e-05	CbGpPWpGaD
Levocabastine—HRH1—Signaling by GPCR—PRKCB—hypertension	2.04e-05	4.07e-05	CbGpPWpGaD
Levocabastine—HRH1—Signaling by GPCR—F2—hypertension	2.04e-05	4.07e-05	CbGpPWpGaD
Levocabastine—HRH1—Signaling Pathways—ADRBK1—hypertension	2.03e-05	4.04e-05	CbGpPWpGaD
Levocabastine—HRH1—Signaling Pathways—CNR1—hypertension	2.01e-05	4.01e-05	CbGpPWpGaD
Levocabastine—HRH1—Signaling Pathways—CALM2—hypertension	1.99e-05	3.97e-05	CbGpPWpGaD
Levocabastine—HRH1—GPCR downstream signaling—AKT2—hypertension	1.97e-05	3.92e-05	CbGpPWpGaD
Levocabastine—HRH1—Signaling Pathways—HTR7—hypertension	1.96e-05	3.91e-05	CbGpPWpGaD
Levocabastine—HRH1—Signaling Pathways—DRD2—hypertension	1.96e-05	3.91e-05	CbGpPWpGaD
Levocabastine—HRH1—Signaling Pathways—PTPN1—hypertension	1.95e-05	3.87e-05	CbGpPWpGaD
Levocabastine—HRH1—Signaling Pathways—GCG—hypertension	1.95e-05	3.87e-05	CbGpPWpGaD
Levocabastine—HRH1—Signaling Pathways—NOTCH2—hypertension	1.91e-05	3.8e-05	CbGpPWpGaD
Levocabastine—HRH1—Signaling Pathways—KL—hypertension	1.91e-05	3.8e-05	CbGpPWpGaD
Levocabastine—HRH1—Signaling Pathways—ITGAV—hypertension	1.87e-05	3.73e-05	CbGpPWpGaD
Levocabastine—HRH1—Signaling Pathways—NGFR—hypertension	1.87e-05	3.73e-05	CbGpPWpGaD
Levocabastine—HRH1—Signaling Pathways—KNG1—hypertension	1.87e-05	3.72e-05	CbGpPWpGaD
Levocabastine—HRH1—Signaling by GPCR—POMC—hypertension	1.86e-05	3.71e-05	CbGpPWpGaD
Levocabastine—HRH1—Signaling Pathways—PRL—hypertension	1.86e-05	3.7e-05	CbGpPWpGaD
Levocabastine—HRH1—Signaling Pathways—AGTR1—hypertension	1.86e-05	3.7e-05	CbGpPWpGaD
Levocabastine—HRH1—Signaling Pathways—STK11—hypertension	1.83e-05	3.64e-05	CbGpPWpGaD
Levocabastine—HRH1—Signaling Pathways—HDAC1—hypertension	1.83e-05	3.64e-05	CbGpPWpGaD
Levocabastine—HRH1—Signaling by GPCR—CCL2—hypertension	1.82e-05	3.63e-05	CbGpPWpGaD
Levocabastine—HRH1—Signaling Pathways—CXCL10—hypertension	1.81e-05	3.61e-05	CbGpPWpGaD
Levocabastine—HRH1—Signaling Pathways—PLG—hypertension	1.81e-05	3.6e-05	CbGpPWpGaD
Levocabastine—HRH1—GPCR downstream signaling—RHOA—hypertension	1.81e-05	3.6e-05	CbGpPWpGaD
Levocabastine—HRH1—Signaling by GPCR—AKT2—hypertension	1.79e-05	3.56e-05	CbGpPWpGaD
Levocabastine—HRH1—GPCR downstream signaling—PIK3R1—hypertension	1.79e-05	3.56e-05	CbGpPWpGaD
Levocabastine—HRH1—Signaling Pathways—ADRB2—hypertension	1.76e-05	3.51e-05	CbGpPWpGaD
Levocabastine—HRH1—Signaling Pathways—PRKCE—hypertension	1.74e-05	3.46e-05	CbGpPWpGaD
Levocabastine—HRH1—Signaling Pathways—VAV3—hypertension	1.72e-05	3.42e-05	CbGpPWpGaD
Levocabastine—HRH1—Signaling Pathways—PDGFA—hypertension	1.72e-05	3.42e-05	CbGpPWpGaD
Levocabastine—HRH1—Signaling Pathways—TGFBR2—hypertension	1.69e-05	3.37e-05	CbGpPWpGaD
Levocabastine—HRH1—Signaling Pathways—GNB3—hypertension	1.68e-05	3.34e-05	CbGpPWpGaD
Levocabastine—HRH1—Signaling Pathways—AVP—hypertension	1.65e-05	3.29e-05	CbGpPWpGaD
Levocabastine—HRH1—Signaling by GPCR—RHOA—hypertension	1.64e-05	3.26e-05	CbGpPWpGaD
Levocabastine—HRH1—Signaling Pathways—GNAS—hypertension	1.63e-05	3.25e-05	CbGpPWpGaD
Levocabastine—HRH1—Signaling by GPCR—PIK3R1—hypertension	1.62e-05	3.23e-05	CbGpPWpGaD
Levocabastine—HRH1—Signaling Pathways—APOB—hypertension	1.6e-05	3.18e-05	CbGpPWpGaD
Levocabastine—HRH1—Signaling Pathways—PTK2—hypertension	1.59e-05	3.17e-05	CbGpPWpGaD
Levocabastine—HRH1—GPCR downstream signaling—CXCL8—hypertension	1.58e-05	3.16e-05	CbGpPWpGaD
Levocabastine—HRH1—Signaling Pathways—EDN1—hypertension	1.57e-05	3.13e-05	CbGpPWpGaD
Levocabastine—HRH1—Signaling Pathways—CCL5—hypertension	1.56e-05	3.11e-05	CbGpPWpGaD
Levocabastine—HRH1—Signaling Pathways—LPL—hypertension	1.53e-05	3.04e-05	CbGpPWpGaD
Levocabastine—HRH1—Signaling Pathways—H2AFX—hypertension	1.52e-05	3.02e-05	CbGpPWpGaD
Levocabastine—HRH1—Signaling Pathways—PDGFRB—hypertension	1.51e-05	3.01e-05	CbGpPWpGaD
Levocabastine—HRH1—Signaling Pathways—RPS6KB1—hypertension	1.51e-05	3.01e-05	CbGpPWpGaD
Levocabastine—HRH1—Signaling Pathways—ADCY5—hypertension	1.49e-05	2.98e-05	CbGpPWpGaD
Levocabastine—HRH1—Signaling Pathways—PRKCG—hypertension	1.48e-05	2.96e-05	CbGpPWpGaD
Levocabastine—HRH1—Signaling Pathways—ITGB3—hypertension	1.47e-05	2.94e-05	CbGpPWpGaD
Levocabastine—HRH1—Signaling Pathways—PRKCA—hypertension	1.47e-05	2.94e-05	CbGpPWpGaD
Levocabastine—HRH1—Signaling Pathways—YWHAZ—hypertension	1.46e-05	2.91e-05	CbGpPWpGaD
Levocabastine—HRH1—Signaling Pathways—SPP1—hypertension	1.45e-05	2.88e-05	CbGpPWpGaD
Levocabastine—HRH1—Signaling Pathways—NGF—hypertension	1.45e-05	2.88e-05	CbGpPWpGaD
Levocabastine—HRH1—Signaling by GPCR—CXCL8—hypertension	1.44e-05	2.87e-05	CbGpPWpGaD
Levocabastine—HRH1—Signaling Pathways—CCR5—hypertension	1.41e-05	2.8e-05	CbGpPWpGaD
Levocabastine—HRH1—Signaling Pathways—PRKCD—hypertension	1.41e-05	2.8e-05	CbGpPWpGaD
Levocabastine—HRH1—Signaling Pathways—HTR2A—hypertension	1.38e-05	2.74e-05	CbGpPWpGaD
Levocabastine—HRH1—Signaling Pathways—C3—hypertension	1.37e-05	2.74e-05	CbGpPWpGaD
Levocabastine—HRH1—Signaling Pathways—PDGFB—hypertension	1.34e-05	2.66e-05	CbGpPWpGaD
Levocabastine—HRH1—Signaling Pathways—FGFR1—hypertension	1.33e-05	2.65e-05	CbGpPWpGaD
Levocabastine—HRH1—Signaling Pathways—HIF1A—hypertension	1.31e-05	2.61e-05	CbGpPWpGaD
Levocabastine—HRH1—Signaling Pathways—AGT—hypertension	1.31e-05	2.6e-05	CbGpPWpGaD
Levocabastine—HRH1—Signaling Pathways—CALM1—hypertension	1.28e-05	2.56e-05	CbGpPWpGaD
Levocabastine—HRH1—Signaling Pathways—APOE—hypertension	1.28e-05	2.55e-05	CbGpPWpGaD
Levocabastine—HRH1—Signaling Pathways—LEP—hypertension	1.28e-05	2.55e-05	CbGpPWpGaD
Levocabastine—HRH1—Signaling Pathways—CAV1—hypertension	1.27e-05	2.52e-05	CbGpPWpGaD
Levocabastine—HRH1—Signaling Pathways—APOA1—hypertension	1.26e-05	2.52e-05	CbGpPWpGaD
Levocabastine—HRH1—Signaling Pathways—KDR—hypertension	1.25e-05	2.5e-05	CbGpPWpGaD
Levocabastine—HRH1—Signaling Pathways—FN1—hypertension	1.21e-05	2.4e-05	CbGpPWpGaD
Levocabastine—HRH1—Signaling Pathways—F2—hypertension	1.21e-05	2.4e-05	CbGpPWpGaD
Levocabastine—HRH1—Signaling Pathways—PRKCB—hypertension	1.21e-05	2.4e-05	CbGpPWpGaD
Levocabastine—HRH1—Signaling Pathways—NOTCH1—hypertension	1.18e-05	2.35e-05	CbGpPWpGaD
Levocabastine—HRH1—Signaling Pathways—POMC—hypertension	1.1e-05	2.19e-05	CbGpPWpGaD
Levocabastine—HRH1—Signaling Pathways—INS—hypertension	1.09e-05	2.18e-05	CbGpPWpGaD
Levocabastine—HRH1—Signaling Pathways—CCL2—hypertension	1.08e-05	2.14e-05	CbGpPWpGaD
Levocabastine—HRH1—Signaling Pathways—IGF1—hypertension	1.06e-05	2.11e-05	CbGpPWpGaD
Levocabastine—HRH1—Signaling Pathways—AKT2—hypertension	1.06e-05	2.1e-05	CbGpPWpGaD
Levocabastine—HRH1—Signaling by GPCR—EGFR—hypertension	1.05e-05	2.1e-05	CbGpPWpGaD
Levocabastine—HRH1—Signaling Pathways—SERPINE1—hypertension	1e-05	2e-05	CbGpPWpGaD
Levocabastine—HRH1—Signaling Pathways—FGF2—hypertension	9.72e-06	1.94e-05	CbGpPWpGaD
Levocabastine—HRH1—Signaling Pathways—RHOA—hypertension	9.69e-06	1.93e-05	CbGpPWpGaD
Levocabastine—HRH1—Signaling Pathways—PIK3R1—hypertension	9.59e-06	1.91e-05	CbGpPWpGaD
Levocabastine—HRH1—Signaling Pathways—NOS3—hypertension	9.59e-06	1.91e-05	CbGpPWpGaD
Levocabastine—HRH1—Signaling Pathways—RELA—hypertension	9.02e-06	1.8e-05	CbGpPWpGaD
Levocabastine—HRH1—Signaling Pathways—MTOR—hypertension	8.85e-06	1.76e-05	CbGpPWpGaD
Levocabastine—HRH1—Signaling Pathways—CXCL8—hypertension	8.5e-06	1.69e-05	CbGpPWpGaD
Levocabastine—HRH1—GPCR downstream signaling—AKT1—hypertension	8.21e-06	1.64e-05	CbGpPWpGaD
Levocabastine—HRH1—Signaling by GPCR—IL6—hypertension	8.09e-06	1.61e-05	CbGpPWpGaD
Levocabastine—HRH1—Signaling Pathways—MMP9—hypertension	7.69e-06	1.53e-05	CbGpPWpGaD
Levocabastine—HRH1—Signaling Pathways—CDKN1A—hypertension	7.66e-06	1.53e-05	CbGpPWpGaD
Levocabastine—HRH1—Signaling Pathways—PTEN—hypertension	7.65e-06	1.52e-05	CbGpPWpGaD
Levocabastine—HRH1—Signaling Pathways—MAPK8—hypertension	7.48e-06	1.49e-05	CbGpPWpGaD
Levocabastine—HRH1—Signaling by GPCR—AKT1—hypertension	7.46e-06	1.49e-05	CbGpPWpGaD
Levocabastine—HRH1—Signaling Pathways—EP300—hypertension	7.29e-06	1.45e-05	CbGpPWpGaD
Levocabastine—HRH1—Signaling Pathways—SRC—hypertension	7.09e-06	1.41e-05	CbGpPWpGaD
Levocabastine—HRH1—Signaling Pathways—VEGFA—hypertension	6.91e-06	1.38e-05	CbGpPWpGaD
Levocabastine—HRH1—Signaling Pathways—MYC—hypertension	6.35e-06	1.27e-05	CbGpPWpGaD
Levocabastine—HRH1—Signaling Pathways—TGFB1—hypertension	6.34e-06	1.26e-05	CbGpPWpGaD
Levocabastine—HRH1—Signaling Pathways—EGFR—hypertension	6.21e-06	1.24e-05	CbGpPWpGaD
Levocabastine—HRH1—Signaling Pathways—TP53—hypertension	5.22e-06	1.04e-05	CbGpPWpGaD
Levocabastine—HRH1—Signaling Pathways—IL6—hypertension	4.78e-06	9.51e-06	CbGpPWpGaD
Levocabastine—HRH1—Signaling Pathways—AKT1—hypertension	4.41e-06	8.77e-06	CbGpPWpGaD
