nodes	percent_of_prediction	percent_of_DWPC	metapath
Conjugated Estrogens—breast cancer—Betamethasone—atopic dermatitis	0.213	0.5	CpDpCtD
Conjugated Estrogens—breast cancer—Dexamethasone—atopic dermatitis	0.213	0.5	CpDpCtD
Conjugated Estrogens—Exemestane—Methylprednisolone—atopic dermatitis	0.0677	0.271	CrCrCtD
Conjugated Estrogens—Exemestane—Prednisone—atopic dermatitis	0.0617	0.247	CrCrCtD
Conjugated Estrogens—Exemestane—Prednisolone—atopic dermatitis	0.0603	0.241	CrCrCtD
Conjugated Estrogens—Formestane—Hydrocortisone—atopic dermatitis	0.06	0.24	CrCrCtD
Conjugated Estrogens—SLCO1A2—Prednisolone—atopic dermatitis	0.0196	0.0923	CbGbCtD
Conjugated Estrogens—SLCO1A2—Hydrocortisone—atopic dermatitis	0.0186	0.0875	CbGbCtD
Conjugated Estrogens—SLCO1A2—Prednisone—atopic dermatitis	0.0185	0.0872	CbGbCtD
Conjugated Estrogens—ABCG2—Hydrocortisone—atopic dermatitis	0.0139	0.0656	CbGbCtD
Conjugated Estrogens—CYP3A4—Pimecrolimus—atopic dermatitis	0.0124	0.0585	CbGbCtD
Conjugated Estrogens—ABCB1—Tacrolimus—atopic dermatitis	0.0123	0.0581	CbGbCtD
Conjugated Estrogens—SLCO1A2—Dexamethasone—atopic dermatitis	0.0116	0.0544	CbGbCtD
Conjugated Estrogens—CYP1A2—Diphenhydramine—atopic dermatitis	0.0103	0.0486	CbGbCtD
Conjugated Estrogens—ABCC2—Dexamethasone—atopic dermatitis	0.00958	0.0451	CbGbCtD
Conjugated Estrogens—ABCB1—Loratadine—atopic dermatitis	0.00902	0.0425	CbGbCtD
Conjugated Estrogens—ABCG2—Dexamethasone—atopic dermatitis	0.00866	0.0408	CbGbCtD
Conjugated Estrogens—ABCB1—Methylprednisolone—atopic dermatitis	0.00825	0.0389	CbGbCtD
Conjugated Estrogens—CYP3A4—Tacrolimus—atopic dermatitis	0.00739	0.0348	CbGbCtD
Conjugated Estrogens—CYP3A4—Loratadine—atopic dermatitis	0.00541	0.0255	CbGbCtD
Conjugated Estrogens—ABCB1—Betamethasone—atopic dermatitis	0.00537	0.0253	CbGbCtD
Conjugated Estrogens—ABCB1—Prednisolone—atopic dermatitis	0.0053	0.0249	CbGbCtD
Conjugated Estrogens—ABCB1—Hydrocortisone—atopic dermatitis	0.00502	0.0236	CbGbCtD
Conjugated Estrogens—ABCB1—Prednisone—atopic dermatitis	0.005	0.0236	CbGbCtD
Conjugated Estrogens—CYP3A4—Methylprednisolone—atopic dermatitis	0.00495	0.0233	CbGbCtD
Conjugated Estrogens—CYP3A4—Triamcinolone—atopic dermatitis	0.00375	0.0177	CbGbCtD
Conjugated Estrogens—CYP3A4—Betamethasone—atopic dermatitis	0.00322	0.0151	CbGbCtD
Conjugated Estrogens—CYP3A4—Prednisolone—atopic dermatitis	0.00317	0.0149	CbGbCtD
Conjugated Estrogens—ABCB1—Dexamethasone—atopic dermatitis	0.00312	0.0147	CbGbCtD
Conjugated Estrogens—CYP3A4—Hydrocortisone—atopic dermatitis	0.00301	0.0142	CbGbCtD
Conjugated Estrogens—CYP3A4—Prednisone—atopic dermatitis	0.003	0.0141	CbGbCtD
Conjugated Estrogens—CYP3A4—Dexamethasone—atopic dermatitis	0.00187	0.00881	CbGbCtD
Conjugated Estrogens—Arrhythmia—Dexamethasone—atopic dermatitis	4.85e-05	0.000433	CcSEcCtD
Conjugated Estrogens—Alopecia—Dexamethasone—atopic dermatitis	4.8e-05	0.000428	CcSEcCtD
Conjugated Estrogens—Alopecia—Betamethasone—atopic dermatitis	4.8e-05	0.000428	CcSEcCtD
Conjugated Estrogens—Convulsion—Hydrocortisone—atopic dermatitis	4.8e-05	0.000428	CcSEcCtD
Conjugated Estrogens—Dizziness—Tacrolimus—atopic dermatitis	4.79e-05	0.000427	CcSEcCtD
Conjugated Estrogens—Angioedema—Triamcinolone—atopic dermatitis	4.76e-05	0.000425	CcSEcCtD
Conjugated Estrogens—Angioedema—Methylprednisolone—atopic dermatitis	4.75e-05	0.000424	CcSEcCtD
Conjugated Estrogens—Erythema—Dexamethasone—atopic dermatitis	4.73e-05	0.000422	CcSEcCtD
Conjugated Estrogens—Erythema—Betamethasone—atopic dermatitis	4.73e-05	0.000422	CcSEcCtD
Conjugated Estrogens—Myalgia—Hydrocortisone—atopic dermatitis	4.71e-05	0.00042	CcSEcCtD
Conjugated Estrogens—Anxiety—Hydrocortisone—atopic dermatitis	4.7e-05	0.000419	CcSEcCtD
Conjugated Estrogens—Vertigo—Triamcinolone—atopic dermatitis	4.68e-05	0.000418	CcSEcCtD
Conjugated Estrogens—Unspecified disorder of skin and subcutaneous tissue—Hydrocortisone—atopic dermatitis	4.68e-05	0.000417	CcSEcCtD
Conjugated Estrogens—Syncope—Triamcinolone—atopic dermatitis	4.67e-05	0.000417	CcSEcCtD
Conjugated Estrogens—Vertigo—Methylprednisolone—atopic dermatitis	4.67e-05	0.000417	CcSEcCtD
Conjugated Estrogens—Syncope—Methylprednisolone—atopic dermatitis	4.66e-05	0.000416	CcSEcCtD
Conjugated Estrogens—Oedema—Prednisolone—atopic dermatitis	4.63e-05	0.000413	CcSEcCtD
Conjugated Estrogens—Anaphylactic shock—Prednisolone—atopic dermatitis	4.63e-05	0.000413	CcSEcCtD
Conjugated Estrogens—Vomiting—Tacrolimus—atopic dermatitis	4.6e-05	0.000411	CcSEcCtD
Conjugated Estrogens—Loss of consciousness—Triamcinolone—atopic dermatitis	4.58e-05	0.000409	CcSEcCtD
Conjugated Estrogens—Loss of consciousness—Methylprednisolone—atopic dermatitis	4.57e-05	0.000408	CcSEcCtD
Conjugated Estrogens—Rash—Tacrolimus—atopic dermatitis	4.57e-05	0.000407	CcSEcCtD
Conjugated Estrogens—Dermatitis—Tacrolimus—atopic dermatitis	4.56e-05	0.000407	CcSEcCtD
Conjugated Estrogens—Shock—Prednisolone—atopic dermatitis	4.55e-05	0.000406	CcSEcCtD
Conjugated Estrogens—Cough—Triamcinolone—atopic dermatitis	4.55e-05	0.000406	CcSEcCtD
Conjugated Estrogens—Headache—Tacrolimus—atopic dermatitis	4.54e-05	0.000405	CcSEcCtD
Conjugated Estrogens—Anaphylactic shock—Hydrocortisone—atopic dermatitis	4.52e-05	0.000403	CcSEcCtD
Conjugated Estrogens—Oedema—Hydrocortisone—atopic dermatitis	4.52e-05	0.000403	CcSEcCtD
Conjugated Estrogens—Convulsion—Triamcinolone—atopic dermatitis	4.52e-05	0.000403	CcSEcCtD
Conjugated Estrogens—Tachycardia—Prednisolone—atopic dermatitis	4.51e-05	0.000403	CcSEcCtD
Conjugated Estrogens—Convulsion—Methylprednisolone—atopic dermatitis	4.51e-05	0.000402	CcSEcCtD
Conjugated Estrogens—Infection—Hydrocortisone—atopic dermatitis	4.49e-05	0.0004	CcSEcCtD
Conjugated Estrogens—Hyperhidrosis—Prednisolone—atopic dermatitis	4.47e-05	0.000399	CcSEcCtD
Conjugated Estrogens—Shock—Hydrocortisone—atopic dermatitis	4.44e-05	0.000396	CcSEcCtD
Conjugated Estrogens—Myalgia—Triamcinolone—atopic dermatitis	4.44e-05	0.000396	CcSEcCtD
Conjugated Estrogens—Nervous system disorder—Hydrocortisone—atopic dermatitis	4.43e-05	0.000395	CcSEcCtD
Conjugated Estrogens—Arthralgia—Methylprednisolone—atopic dermatitis	4.43e-05	0.000395	CcSEcCtD
Conjugated Estrogens—Myalgia—Methylprednisolone—atopic dermatitis	4.43e-05	0.000395	CcSEcCtD
Conjugated Estrogens—Eye disorder—Prednisone—atopic dermatitis	4.42e-05	0.000394	CcSEcCtD
Conjugated Estrogens—Anxiety—Methylprednisolone—atopic dermatitis	4.41e-05	0.000393	CcSEcCtD
Conjugated Estrogens—Tachycardia—Hydrocortisone—atopic dermatitis	4.41e-05	0.000393	CcSEcCtD
Conjugated Estrogens—Unspecified disorder of skin and subcutaneous tissue—Methylprednisolone—atopic dermatitis	4.4e-05	0.000392	CcSEcCtD
Conjugated Estrogens—Skin disorder—Hydrocortisone—atopic dermatitis	4.39e-05	0.000391	CcSEcCtD
Conjugated Estrogens—Hyperhidrosis—Hydrocortisone—atopic dermatitis	4.37e-05	0.000389	CcSEcCtD
Conjugated Estrogens—Angioedema—Betamethasone—atopic dermatitis	4.32e-05	0.000385	CcSEcCtD
Conjugated Estrogens—Angioedema—Dexamethasone—atopic dermatitis	4.32e-05	0.000385	CcSEcCtD
Conjugated Estrogens—Anorexia—Hydrocortisone—atopic dermatitis	4.31e-05	0.000384	CcSEcCtD
Conjugated Estrogens—Nausea—Tacrolimus—atopic dermatitis	4.3e-05	0.000384	CcSEcCtD
Conjugated Estrogens—Angiopathy—Prednisone—atopic dermatitis	4.29e-05	0.000383	CcSEcCtD
Conjugated Estrogens—Immune system disorder—Prednisone—atopic dermatitis	4.27e-05	0.000381	CcSEcCtD
Conjugated Estrogens—Anaphylactic shock—Triamcinolone—atopic dermatitis	4.25e-05	0.000379	CcSEcCtD
Conjugated Estrogens—Oedema—Triamcinolone—atopic dermatitis	4.25e-05	0.000379	CcSEcCtD
Conjugated Estrogens—Vertigo—Betamethasone—atopic dermatitis	4.25e-05	0.000379	CcSEcCtD
Conjugated Estrogens—Vertigo—Dexamethasone—atopic dermatitis	4.25e-05	0.000379	CcSEcCtD
Conjugated Estrogens—Anaphylactic shock—Methylprednisolone—atopic dermatitis	4.24e-05	0.000379	CcSEcCtD
Conjugated Estrogens—Syncope—Betamethasone—atopic dermatitis	4.24e-05	0.000378	CcSEcCtD
Conjugated Estrogens—Syncope—Dexamethasone—atopic dermatitis	4.24e-05	0.000378	CcSEcCtD
Conjugated Estrogens—Arrhythmia—Prednisone—atopic dermatitis	4.23e-05	0.000377	CcSEcCtD
Conjugated Estrogens—Infection—Triamcinolone—atopic dermatitis	4.23e-05	0.000377	CcSEcCtD
Conjugated Estrogens—Hypotension—Hydrocortisone—atopic dermatitis	4.22e-05	0.000376	CcSEcCtD
Conjugated Estrogens—Infection—Methylprednisolone—atopic dermatitis	4.22e-05	0.000376	CcSEcCtD
Conjugated Estrogens—Shock—Triamcinolone—atopic dermatitis	4.19e-05	0.000373	CcSEcCtD
Conjugated Estrogens—Insomnia—Prednisolone—atopic dermatitis	4.18e-05	0.000373	CcSEcCtD
Conjugated Estrogens—Alopecia—Prednisone—atopic dermatitis	4.18e-05	0.000373	CcSEcCtD
Conjugated Estrogens—Shock—Methylprednisolone—atopic dermatitis	4.18e-05	0.000372	CcSEcCtD
Conjugated Estrogens—Nervous system disorder—Methylprednisolone—atopic dermatitis	4.16e-05	0.000371	CcSEcCtD
Conjugated Estrogens—Loss of consciousness—Betamethasone—atopic dermatitis	4.16e-05	0.000371	CcSEcCtD
Conjugated Estrogens—Loss of consciousness—Dexamethasone—atopic dermatitis	4.16e-05	0.000371	CcSEcCtD
Conjugated Estrogens—Paraesthesia—Prednisolone—atopic dermatitis	4.15e-05	0.00037	CcSEcCtD
Conjugated Estrogens—Tachycardia—Triamcinolone—atopic dermatitis	4.15e-05	0.00037	CcSEcCtD
Conjugated Estrogens—Mental disorder—Prednisone—atopic dermatitis	4.15e-05	0.00037	CcSEcCtD
Conjugated Estrogens—Tachycardia—Methylprednisolone—atopic dermatitis	4.14e-05	0.000369	CcSEcCtD
Conjugated Estrogens—Skin disorder—Methylprednisolone—atopic dermatitis	4.12e-05	0.000368	CcSEcCtD
Conjugated Estrogens—Malnutrition—Prednisone—atopic dermatitis	4.12e-05	0.000367	CcSEcCtD
Conjugated Estrogens—Erythema—Prednisone—atopic dermatitis	4.12e-05	0.000367	CcSEcCtD
Conjugated Estrogens—Musculoskeletal discomfort—Hydrocortisone—atopic dermatitis	4.12e-05	0.000367	CcSEcCtD
Conjugated Estrogens—Hyperhidrosis—Triamcinolone—atopic dermatitis	4.11e-05	0.000367	CcSEcCtD
Conjugated Estrogens—Hyperhidrosis—Methylprednisolone—atopic dermatitis	4.1e-05	0.000366	CcSEcCtD
Conjugated Estrogens—Convulsion—Dexamethasone—atopic dermatitis	4.1e-05	0.000365	CcSEcCtD
Conjugated Estrogens—Convulsion—Betamethasone—atopic dermatitis	4.1e-05	0.000365	CcSEcCtD
Conjugated Estrogens—Insomnia—Hydrocortisone—atopic dermatitis	4.09e-05	0.000364	CcSEcCtD
Conjugated Estrogens—Paraesthesia—Hydrocortisone—atopic dermatitis	4.06e-05	0.000362	CcSEcCtD
Conjugated Estrogens—Myalgia—Dexamethasone—atopic dermatitis	4.03e-05	0.000359	CcSEcCtD
Conjugated Estrogens—Myalgia—Betamethasone—atopic dermatitis	4.03e-05	0.000359	CcSEcCtD
Conjugated Estrogens—Anxiety—Betamethasone—atopic dermatitis	4.01e-05	0.000358	CcSEcCtD
Conjugated Estrogens—Anxiety—Dexamethasone—atopic dermatitis	4.01e-05	0.000358	CcSEcCtD
Conjugated Estrogens—Dyspepsia—Hydrocortisone—atopic dermatitis	3.98e-05	0.000355	CcSEcCtD
Conjugated Estrogens—Hypotension—Methylprednisolone—atopic dermatitis	3.97e-05	0.000354	CcSEcCtD
Conjugated Estrogens—Pain—Prednisolone—atopic dermatitis	3.96e-05	0.000353	CcSEcCtD
Conjugated Estrogens—Decreased appetite—Hydrocortisone—atopic dermatitis	3.93e-05	0.00035	CcSEcCtD
Conjugated Estrogens—Gastrointestinal disorder—Hydrocortisone—atopic dermatitis	3.9e-05	0.000348	CcSEcCtD
Conjugated Estrogens—Fatigue—Hydrocortisone—atopic dermatitis	3.9e-05	0.000347	CcSEcCtD
Conjugated Estrogens—Vision blurred—Prednisone—atopic dermatitis	3.88e-05	0.000346	CcSEcCtD
Conjugated Estrogens—Musculoskeletal discomfort—Triamcinolone—atopic dermatitis	3.88e-05	0.000346	CcSEcCtD
Conjugated Estrogens—Musculoskeletal discomfort—Methylprednisolone—atopic dermatitis	3.87e-05	0.000345	CcSEcCtD
Conjugated Estrogens—Pain—Hydrocortisone—atopic dermatitis	3.86e-05	0.000345	CcSEcCtD
Conjugated Estrogens—Oedema—Betamethasone—atopic dermatitis	3.86e-05	0.000344	CcSEcCtD
Conjugated Estrogens—Oedema—Dexamethasone—atopic dermatitis	3.86e-05	0.000344	CcSEcCtD
Conjugated Estrogens—Anaphylactic shock—Dexamethasone—atopic dermatitis	3.86e-05	0.000344	CcSEcCtD
Conjugated Estrogens—Anaphylactic shock—Betamethasone—atopic dermatitis	3.86e-05	0.000344	CcSEcCtD
Conjugated Estrogens—Insomnia—Triamcinolone—atopic dermatitis	3.85e-05	0.000343	CcSEcCtD
Conjugated Estrogens—Insomnia—Methylprednisolone—atopic dermatitis	3.84e-05	0.000342	CcSEcCtD
Conjugated Estrogens—Infection—Dexamethasone—atopic dermatitis	3.83e-05	0.000342	CcSEcCtD
Conjugated Estrogens—Infection—Betamethasone—atopic dermatitis	3.83e-05	0.000342	CcSEcCtD
Conjugated Estrogens—Paraesthesia—Triamcinolone—atopic dermatitis	3.82e-05	0.000341	CcSEcCtD
Conjugated Estrogens—Paraesthesia—Methylprednisolone—atopic dermatitis	3.81e-05	0.00034	CcSEcCtD
Conjugated Estrogens—Shock—Dexamethasone—atopic dermatitis	3.8e-05	0.000339	CcSEcCtD
Conjugated Estrogens—Shock—Betamethasone—atopic dermatitis	3.8e-05	0.000339	CcSEcCtD
Conjugated Estrogens—Dyspnoea—Triamcinolone—atopic dermatitis	3.79e-05	0.000338	CcSEcCtD
Conjugated Estrogens—Nervous system disorder—Betamethasone—atopic dermatitis	3.79e-05	0.000338	CcSEcCtD
Conjugated Estrogens—Nervous system disorder—Dexamethasone—atopic dermatitis	3.79e-05	0.000338	CcSEcCtD
Conjugated Estrogens—Tachycardia—Betamethasone—atopic dermatitis	3.77e-05	0.000336	CcSEcCtD
Conjugated Estrogens—Tachycardia—Dexamethasone—atopic dermatitis	3.77e-05	0.000336	CcSEcCtD
Conjugated Estrogens—Angioedema—Prednisone—atopic dermatitis	3.76e-05	0.000336	CcSEcCtD
Conjugated Estrogens—Dyspepsia—Triamcinolone—atopic dermatitis	3.74e-05	0.000334	CcSEcCtD
Conjugated Estrogens—Dyspepsia—Methylprednisolone—atopic dermatitis	3.74e-05	0.000333	CcSEcCtD
Conjugated Estrogens—Hyperhidrosis—Dexamethasone—atopic dermatitis	3.73e-05	0.000333	CcSEcCtD
Conjugated Estrogens—Hyperhidrosis—Betamethasone—atopic dermatitis	3.73e-05	0.000333	CcSEcCtD
Conjugated Estrogens—Vertigo—Prednisone—atopic dermatitis	3.7e-05	0.00033	CcSEcCtD
Conjugated Estrogens—Gastrointestinal pain—Hydrocortisone—atopic dermatitis	3.69e-05	0.000329	CcSEcCtD
Conjugated Estrogens—Syncope—Prednisone—atopic dermatitis	3.69e-05	0.000329	CcSEcCtD
Conjugated Estrogens—Anorexia—Betamethasone—atopic dermatitis	3.68e-05	0.000328	CcSEcCtD
Conjugated Estrogens—Anorexia—Dexamethasone—atopic dermatitis	3.68e-05	0.000328	CcSEcCtD
Conjugated Estrogens—Urticaria—Prednisolone—atopic dermatitis	3.67e-05	0.000328	CcSEcCtD
Conjugated Estrogens—Fatigue—Triamcinolone—atopic dermatitis	3.67e-05	0.000327	CcSEcCtD
Conjugated Estrogens—Fatigue—Methylprednisolone—atopic dermatitis	3.66e-05	0.000326	CcSEcCtD
Conjugated Estrogens—Pain—Triamcinolone—atopic dermatitis	3.64e-05	0.000324	CcSEcCtD
Conjugated Estrogens—Loss of consciousness—Prednisone—atopic dermatitis	3.62e-05	0.000323	CcSEcCtD
Conjugated Estrogens—Hypotension—Dexamethasone—atopic dermatitis	3.61e-05	0.000322	CcSEcCtD
Conjugated Estrogens—Hypotension—Betamethasone—atopic dermatitis	3.61e-05	0.000322	CcSEcCtD
Conjugated Estrogens—Urticaria—Hydrocortisone—atopic dermatitis	3.59e-05	0.00032	CcSEcCtD
Conjugated Estrogens—Abdominal pain—Hydrocortisone—atopic dermatitis	3.57e-05	0.000318	CcSEcCtD
Conjugated Estrogens—Body temperature increased—Hydrocortisone—atopic dermatitis	3.57e-05	0.000318	CcSEcCtD
Conjugated Estrogens—Convulsion—Prednisone—atopic dermatitis	3.57e-05	0.000318	CcSEcCtD
Conjugated Estrogens—Musculoskeletal discomfort—Dexamethasone—atopic dermatitis	3.52e-05	0.000314	CcSEcCtD
Conjugated Estrogens—Musculoskeletal discomfort—Betamethasone—atopic dermatitis	3.52e-05	0.000314	CcSEcCtD
Conjugated Estrogens—Myalgia—Prednisone—atopic dermatitis	3.51e-05	0.000313	CcSEcCtD
Conjugated Estrogens—Arthralgia—Prednisone—atopic dermatitis	3.51e-05	0.000313	CcSEcCtD
Conjugated Estrogens—Anxiety—Prednisone—atopic dermatitis	3.49e-05	0.000312	CcSEcCtD
Conjugated Estrogens—Insomnia—Betamethasone—atopic dermatitis	3.49e-05	0.000311	CcSEcCtD
Conjugated Estrogens—Insomnia—Dexamethasone—atopic dermatitis	3.49e-05	0.000311	CcSEcCtD
Conjugated Estrogens—Unspecified disorder of skin and subcutaneous tissue—Prednisone—atopic dermatitis	3.48e-05	0.000311	CcSEcCtD
Conjugated Estrogens—Gastrointestinal pain—Methylprednisolone—atopic dermatitis	3.47e-05	0.00031	CcSEcCtD
Conjugated Estrogens—Paraesthesia—Betamethasone—atopic dermatitis	3.47e-05	0.000309	CcSEcCtD
Conjugated Estrogens—Paraesthesia—Dexamethasone—atopic dermatitis	3.47e-05	0.000309	CcSEcCtD
Conjugated Estrogens—Hypersensitivity—Prednisolone—atopic dermatitis	3.41e-05	0.000304	CcSEcCtD
Conjugated Estrogens—Dyspepsia—Dexamethasone—atopic dermatitis	3.4e-05	0.000303	CcSEcCtD
Conjugated Estrogens—Dyspepsia—Betamethasone—atopic dermatitis	3.4e-05	0.000303	CcSEcCtD
Conjugated Estrogens—Urticaria—Triamcinolone—atopic dermatitis	3.38e-05	0.000301	CcSEcCtD
Conjugated Estrogens—Urticaria—Methylprednisolone—atopic dermatitis	3.37e-05	0.000301	CcSEcCtD
Conjugated Estrogens—Body temperature increased—Triamcinolone—atopic dermatitis	3.36e-05	0.0003	CcSEcCtD
Conjugated Estrogens—Anaphylactic shock—Prednisone—atopic dermatitis	3.36e-05	0.0003	CcSEcCtD
Conjugated Estrogens—Oedema—Prednisone—atopic dermatitis	3.36e-05	0.0003	CcSEcCtD
Conjugated Estrogens—Abdominal pain—Methylprednisolone—atopic dermatitis	3.36e-05	0.000299	CcSEcCtD
Conjugated Estrogens—Decreased appetite—Betamethasone—atopic dermatitis	3.36e-05	0.000299	CcSEcCtD
Conjugated Estrogens—Decreased appetite—Dexamethasone—atopic dermatitis	3.36e-05	0.000299	CcSEcCtD
Conjugated Estrogens—Infection—Prednisone—atopic dermatitis	3.34e-05	0.000298	CcSEcCtD
Conjugated Estrogens—Gastrointestinal disorder—Betamethasone—atopic dermatitis	3.33e-05	0.000297	CcSEcCtD
Conjugated Estrogens—Gastrointestinal disorder—Dexamethasone—atopic dermatitis	3.33e-05	0.000297	CcSEcCtD
Conjugated Estrogens—Hypersensitivity—Hydrocortisone—atopic dermatitis	3.33e-05	0.000297	CcSEcCtD
Conjugated Estrogens—Fatigue—Dexamethasone—atopic dermatitis	3.33e-05	0.000297	CcSEcCtD
Conjugated Estrogens—Fatigue—Betamethasone—atopic dermatitis	3.33e-05	0.000297	CcSEcCtD
Conjugated Estrogens—Shock—Prednisone—atopic dermatitis	3.31e-05	0.000295	CcSEcCtD
Conjugated Estrogens—Pain—Dexamethasone—atopic dermatitis	3.3e-05	0.000294	CcSEcCtD
Conjugated Estrogens—Pain—Betamethasone—atopic dermatitis	3.3e-05	0.000294	CcSEcCtD
Conjugated Estrogens—Nervous system disorder—Prednisone—atopic dermatitis	3.3e-05	0.000294	CcSEcCtD
Conjugated Estrogens—Tachycardia—Prednisone—atopic dermatitis	3.28e-05	0.000293	CcSEcCtD
Conjugated Estrogens—Skin disorder—Prednisone—atopic dermatitis	3.27e-05	0.000291	CcSEcCtD
Conjugated Estrogens—Hyperhidrosis—Prednisone—atopic dermatitis	3.25e-05	0.00029	CcSEcCtD
Conjugated Estrogens—Asthenia—Hydrocortisone—atopic dermatitis	3.24e-05	0.000289	CcSEcCtD
Conjugated Estrogens—Anorexia—Prednisone—atopic dermatitis	3.2e-05	0.000286	CcSEcCtD
Conjugated Estrogens—Pruritus—Hydrocortisone—atopic dermatitis	3.2e-05	0.000285	CcSEcCtD
Conjugated Estrogens—Gastrointestinal pain—Betamethasone—atopic dermatitis	3.16e-05	0.000281	CcSEcCtD
Conjugated Estrogens—Gastrointestinal pain—Dexamethasone—atopic dermatitis	3.16e-05	0.000281	CcSEcCtD
Conjugated Estrogens—Hypersensitivity—Triamcinolone—atopic dermatitis	3.13e-05	0.000279	CcSEcCtD
Conjugated Estrogens—Hypersensitivity—Methylprednisolone—atopic dermatitis	3.13e-05	0.000279	CcSEcCtD
Conjugated Estrogens—Diarrhoea—Hydrocortisone—atopic dermatitis	3.09e-05	0.000276	CcSEcCtD
Conjugated Estrogens—Urticaria—Dexamethasone—atopic dermatitis	3.07e-05	0.000273	CcSEcCtD
Conjugated Estrogens—Urticaria—Betamethasone—atopic dermatitis	3.07e-05	0.000273	CcSEcCtD
Conjugated Estrogens—Musculoskeletal discomfort—Prednisone—atopic dermatitis	3.06e-05	0.000273	CcSEcCtD
Conjugated Estrogens—Dizziness—Prednisolone—atopic dermatitis	3.06e-05	0.000273	CcSEcCtD
Conjugated Estrogens—Asthenia—Triamcinolone—atopic dermatitis	3.05e-05	0.000272	CcSEcCtD
Conjugated Estrogens—Abdominal pain—Betamethasone—atopic dermatitis	3.05e-05	0.000272	CcSEcCtD
Conjugated Estrogens—Abdominal pain—Dexamethasone—atopic dermatitis	3.05e-05	0.000272	CcSEcCtD
Conjugated Estrogens—Body temperature increased—Dexamethasone—atopic dermatitis	3.05e-05	0.000272	CcSEcCtD
Conjugated Estrogens—Body temperature increased—Betamethasone—atopic dermatitis	3.05e-05	0.000272	CcSEcCtD
Conjugated Estrogens—Asthenia—Methylprednisolone—atopic dermatitis	3.05e-05	0.000272	CcSEcCtD
Conjugated Estrogens—Insomnia—Prednisone—atopic dermatitis	3.04e-05	0.000271	CcSEcCtD
Conjugated Estrogens—Paraesthesia—Prednisone—atopic dermatitis	3.02e-05	0.000269	CcSEcCtD
Conjugated Estrogens—Pruritus—Triamcinolone—atopic dermatitis	3.01e-05	0.000268	CcSEcCtD
Conjugated Estrogens—Pruritus—Methylprednisolone—atopic dermatitis	3e-05	0.000268	CcSEcCtD
Conjugated Estrogens—Dizziness—Hydrocortisone—atopic dermatitis	2.99e-05	0.000266	CcSEcCtD
Conjugated Estrogens—Dyspepsia—Prednisone—atopic dermatitis	2.96e-05	0.000264	CcSEcCtD
Conjugated Estrogens—Decreased appetite—Prednisone—atopic dermatitis	2.92e-05	0.000261	CcSEcCtD
Conjugated Estrogens—Rash—Prednisolone—atopic dermatitis	2.92e-05	0.00026	CcSEcCtD
Conjugated Estrogens—Dermatitis—Prednisolone—atopic dermatitis	2.91e-05	0.00026	CcSEcCtD
Conjugated Estrogens—Diarrhoea—Methylprednisolone—atopic dermatitis	2.9e-05	0.000259	CcSEcCtD
Conjugated Estrogens—Fatigue—Prednisone—atopic dermatitis	2.9e-05	0.000258	CcSEcCtD
Conjugated Estrogens—Headache—Prednisolone—atopic dermatitis	2.9e-05	0.000258	CcSEcCtD
Conjugated Estrogens—Constipation—Prednisone—atopic dermatitis	2.87e-05	0.000256	CcSEcCtD
Conjugated Estrogens—Vomiting—Hydrocortisone—atopic dermatitis	2.87e-05	0.000256	CcSEcCtD
Conjugated Estrogens—Rash—Hydrocortisone—atopic dermatitis	2.85e-05	0.000254	CcSEcCtD
Conjugated Estrogens—Dermatitis—Hydrocortisone—atopic dermatitis	2.85e-05	0.000254	CcSEcCtD
Conjugated Estrogens—Headache—Hydrocortisone—atopic dermatitis	2.83e-05	0.000252	CcSEcCtD
Conjugated Estrogens—Dizziness—Triamcinolone—atopic dermatitis	2.81e-05	0.000251	CcSEcCtD
Conjugated Estrogens—Dizziness—Methylprednisolone—atopic dermatitis	2.81e-05	0.00025	CcSEcCtD
Conjugated Estrogens—Asthenia—Dexamethasone—atopic dermatitis	2.77e-05	0.000247	CcSEcCtD
Conjugated Estrogens—Asthenia—Betamethasone—atopic dermatitis	2.77e-05	0.000247	CcSEcCtD
Conjugated Estrogens—Gastrointestinal pain—Prednisone—atopic dermatitis	2.75e-05	0.000245	CcSEcCtD
Conjugated Estrogens—Nausea—Prednisolone—atopic dermatitis	2.75e-05	0.000245	CcSEcCtD
Conjugated Estrogens—Pruritus—Dexamethasone—atopic dermatitis	2.73e-05	0.000244	CcSEcCtD
Conjugated Estrogens—Pruritus—Betamethasone—atopic dermatitis	2.73e-05	0.000244	CcSEcCtD
Conjugated Estrogens—Vomiting—Triamcinolone—atopic dermatitis	2.7e-05	0.000241	CcSEcCtD
Conjugated Estrogens—Vomiting—Methylprednisolone—atopic dermatitis	2.7e-05	0.000241	CcSEcCtD
Conjugated Estrogens—Nausea—Hydrocortisone—atopic dermatitis	2.68e-05	0.000239	CcSEcCtD
Conjugated Estrogens—Rash—Triamcinolone—atopic dermatitis	2.68e-05	0.000239	CcSEcCtD
Conjugated Estrogens—Dermatitis—Triamcinolone—atopic dermatitis	2.68e-05	0.000239	CcSEcCtD
Conjugated Estrogens—Rash—Methylprednisolone—atopic dermatitis	2.68e-05	0.000239	CcSEcCtD
Conjugated Estrogens—Dermatitis—Methylprednisolone—atopic dermatitis	2.67e-05	0.000238	CcSEcCtD
Conjugated Estrogens—Urticaria—Prednisone—atopic dermatitis	2.67e-05	0.000238	CcSEcCtD
Conjugated Estrogens—Headache—Triamcinolone—atopic dermatitis	2.66e-05	0.000238	CcSEcCtD
Conjugated Estrogens—Headache—Methylprednisolone—atopic dermatitis	2.66e-05	0.000237	CcSEcCtD
Conjugated Estrogens—Body temperature increased—Prednisone—atopic dermatitis	2.66e-05	0.000237	CcSEcCtD
Conjugated Estrogens—Abdominal pain—Prednisone—atopic dermatitis	2.66e-05	0.000237	CcSEcCtD
Conjugated Estrogens—Diarrhoea—Dexamethasone—atopic dermatitis	2.64e-05	0.000236	CcSEcCtD
Conjugated Estrogens—Diarrhoea—Betamethasone—atopic dermatitis	2.64e-05	0.000236	CcSEcCtD
Conjugated Estrogens—Dizziness—Betamethasone—atopic dermatitis	2.55e-05	0.000228	CcSEcCtD
Conjugated Estrogens—Dizziness—Dexamethasone—atopic dermatitis	2.55e-05	0.000228	CcSEcCtD
Conjugated Estrogens—Nausea—Triamcinolone—atopic dermatitis	2.53e-05	0.000225	CcSEcCtD
Conjugated Estrogens—Nausea—Methylprednisolone—atopic dermatitis	2.52e-05	0.000225	CcSEcCtD
Conjugated Estrogens—Hypersensitivity—Prednisone—atopic dermatitis	2.48e-05	0.000221	CcSEcCtD
Conjugated Estrogens—Vomiting—Betamethasone—atopic dermatitis	2.45e-05	0.000219	CcSEcCtD
Conjugated Estrogens—Vomiting—Dexamethasone—atopic dermatitis	2.45e-05	0.000219	CcSEcCtD
Conjugated Estrogens—Rash—Dexamethasone—atopic dermatitis	2.43e-05	0.000217	CcSEcCtD
Conjugated Estrogens—Rash—Betamethasone—atopic dermatitis	2.43e-05	0.000217	CcSEcCtD
Conjugated Estrogens—Dermatitis—Dexamethasone—atopic dermatitis	2.43e-05	0.000217	CcSEcCtD
Conjugated Estrogens—Dermatitis—Betamethasone—atopic dermatitis	2.43e-05	0.000217	CcSEcCtD
Conjugated Estrogens—Headache—Betamethasone—atopic dermatitis	2.42e-05	0.000216	CcSEcCtD
Conjugated Estrogens—Headache—Dexamethasone—atopic dermatitis	2.42e-05	0.000216	CcSEcCtD
Conjugated Estrogens—Asthenia—Prednisone—atopic dermatitis	2.41e-05	0.000215	CcSEcCtD
Conjugated Estrogens—Pruritus—Prednisone—atopic dermatitis	2.38e-05	0.000212	CcSEcCtD
Conjugated Estrogens—Diarrhoea—Prednisone—atopic dermatitis	2.3e-05	0.000205	CcSEcCtD
Conjugated Estrogens—Nausea—Dexamethasone—atopic dermatitis	2.29e-05	0.000204	CcSEcCtD
Conjugated Estrogens—Nausea—Betamethasone—atopic dermatitis	2.29e-05	0.000204	CcSEcCtD
Conjugated Estrogens—Dizziness—Prednisone—atopic dermatitis	2.22e-05	0.000198	CcSEcCtD
Conjugated Estrogens—Vomiting—Prednisone—atopic dermatitis	2.14e-05	0.000191	CcSEcCtD
Conjugated Estrogens—Rash—Prednisone—atopic dermatitis	2.12e-05	0.000189	CcSEcCtD
Conjugated Estrogens—Dermatitis—Prednisone—atopic dermatitis	2.12e-05	0.000189	CcSEcCtD
Conjugated Estrogens—Headache—Prednisone—atopic dermatitis	2.11e-05	0.000188	CcSEcCtD
Conjugated Estrogens—Nausea—Prednisone—atopic dermatitis	2e-05	0.000178	CcSEcCtD
