nodes	percent_of_prediction	percent_of_DWPC	metapath
Ketoprofen—PTGS2—type 2 diabetes mellitus	0.103	0.529	CbGaD
Ketoprofen—ALB—type 2 diabetes mellitus	0.0917	0.471	CbGaD
Ketoprofen—ABCC4—Nateglinide—type 2 diabetes mellitus	0.0326	0.062	CbGbCtD
Ketoprofen—SLCO1A2—Tolbutamide—type 2 diabetes mellitus	0.0275	0.0523	CbGbCtD
Ketoprofen—SLC22A7—Glyburide—type 2 diabetes mellitus	0.0225	0.0428	CbGbCtD
Ketoprofen—PTGS1—Chlorpropamide—type 2 diabetes mellitus	0.0214	0.0406	CbGbCtD
Ketoprofen—PTGS1—Pioglitazone—type 2 diabetes mellitus	0.0214	0.0406	CbGbCtD
Ketoprofen—PTGS1—Rosiglitazone—type 2 diabetes mellitus	0.0197	0.0375	CbGbCtD
Ketoprofen—ALB—Gliclazide—type 2 diabetes mellitus	0.0188	0.0356	CbGbCtD
Ketoprofen—SLC22A6—Chlorpropamide—type 2 diabetes mellitus	0.0187	0.0356	CbGbCtD
Ketoprofen—ALB—Repaglinide—type 2 diabetes mellitus	0.0176	0.0335	CbGbCtD
Ketoprofen—CYP2C8—Sitagliptin—type 2 diabetes mellitus	0.017	0.0324	CbGbCtD
Ketoprofen—SLC22A6—Tolbutamide—type 2 diabetes mellitus	0.0167	0.0317	CbGbCtD
Ketoprofen—PTGS1—Nateglinide—type 2 diabetes mellitus	0.0162	0.0308	CbGbCtD
Ketoprofen—SLCO1A2—Glyburide—type 2 diabetes mellitus	0.0158	0.03	CbGbCtD
Ketoprofen—PTGS1—Irbesartan—type 2 diabetes mellitus	0.0155	0.0295	CbGbCtD
Ketoprofen—ALB—Rosiglitazone—type 2 diabetes mellitus	0.0147	0.028	CbGbCtD
Ketoprofen—SLC22A6—Nateglinide—type 2 diabetes mellitus	0.0142	0.027	CbGbCtD
Ketoprofen—CYP2C8—Repaglinide—type 2 diabetes mellitus	0.0136	0.0259	CbGbCtD
Ketoprofen—ALB—Valsartan—type 2 diabetes mellitus	0.013	0.0247	CbGbCtD
Ketoprofen—CYP2C8—Pioglitazone—type 2 diabetes mellitus	0.0123	0.0234	CbGbCtD
Ketoprofen—ALB—Nateglinide—type 2 diabetes mellitus	0.0121	0.023	CbGbCtD
Ketoprofen—CYP2C9—Glimepiride—type 2 diabetes mellitus	0.0119	0.0226	CbGbCtD
Ketoprofen—CYP2C8—Rosiglitazone—type 2 diabetes mellitus	0.0114	0.0216	CbGbCtD
Ketoprofen—CYP2C8—Tolbutamide—type 2 diabetes mellitus	0.011	0.0209	CbGbCtD
Ketoprofen—CYP2C9—Glipizide—type 2 diabetes mellitus	0.0109	0.0207	CbGbCtD
Ketoprofen—CYP2C9—Gliclazide—type 2 diabetes mellitus	0.0101	0.0192	CbGbCtD
Ketoprofen—SLC22A6—Glyburide—type 2 diabetes mellitus	0.00959	0.0182	CbGbCtD
Ketoprofen—CYP2C8—Irbesartan—type 2 diabetes mellitus	0.00895	0.017	CbGbCtD
Ketoprofen—SLC22A6—Losartan—type 2 diabetes mellitus	0.00877	0.0167	CbGbCtD
Ketoprofen—CYP2C9—Chlorpropamide—type 2 diabetes mellitus	0.0086	0.0163	CbGbCtD
Ketoprofen—CYP2C9—Pioglitazone—type 2 diabetes mellitus	0.0086	0.0163	CbGbCtD
Ketoprofen—ALB—Glyburide—type 2 diabetes mellitus	0.00816	0.0155	CbGbCtD
Ketoprofen—CYP2C9—Rosiglitazone—type 2 diabetes mellitus	0.00793	0.0151	CbGbCtD
Ketoprofen—CYP2C9—Tolbutamide—type 2 diabetes mellitus	0.00766	0.0146	CbGbCtD
Ketoprofen—ALB—Losartan—type 2 diabetes mellitus	0.00747	0.0142	CbGbCtD
Ketoprofen—CYP2C9—Valsartan—type 2 diabetes mellitus	0.00701	0.0133	CbGbCtD
Ketoprofen—CYP2C9—Nateglinide—type 2 diabetes mellitus	0.00651	0.0124	CbGbCtD
Ketoprofen—CYP2C9—Irbesartan—type 2 diabetes mellitus	0.00625	0.0119	CbGbCtD
Ketoprofen—CYP2C8—Losartan—type 2 diabetes mellitus	0.00577	0.011	CbGbCtD
Ketoprofen—CYP2C9—Glyburide—type 2 diabetes mellitus	0.0044	0.00836	CbGbCtD
Ketoprofen—CYP2C9—Losartan—type 2 diabetes mellitus	0.00402	0.00765	CbGbCtD
Ketoprofen—CXCR1—adipose tissue—type 2 diabetes mellitus	0.00224	0.0882	CbGeAlD
Ketoprofen—PTGS2—leg—type 2 diabetes mellitus	0.00125	0.0495	CbGeAlD
Ketoprofen—CXCL8—islet of Langerhans—type 2 diabetes mellitus	0.00124	0.0491	CbGeAlD
Ketoprofen—PTGS2—hindlimb—type 2 diabetes mellitus	0.00112	0.0442	CbGeAlD
Ketoprofen—CXCL8—nephron tubule—type 2 diabetes mellitus	0.001	0.0395	CbGeAlD
Ketoprofen—CXCL8—pancreas—type 2 diabetes mellitus	0.000874	0.0345	CbGeAlD
Ketoprofen—SLC22A11—nephron tubule—type 2 diabetes mellitus	0.00083	0.0328	CbGeAlD
Ketoprofen—CXCL8—adipose tissue—type 2 diabetes mellitus	0.000793	0.0313	CbGeAlD
Ketoprofen—SLC22A6—nephron tubule—type 2 diabetes mellitus	0.000782	0.0309	CbGeAlD
Ketoprofen—SLC22A11—kidney—type 2 diabetes mellitus	0.000729	0.0288	CbGeAlD
Ketoprofen—PTGS1—artery—type 2 diabetes mellitus	0.000718	0.0283	CbGeAlD
Ketoprofen—SLC22A7—kidney—type 2 diabetes mellitus	0.000712	0.0281	CbGeAlD
Ketoprofen—SLC22A11—cortex of kidney—type 2 diabetes mellitus	0.00071	0.028	CbGeAlD
Ketoprofen—SLC22A7—cortex of kidney—type 2 diabetes mellitus	0.000693	0.0274	CbGeAlD
Ketoprofen—PTGS2—artery—type 2 diabetes mellitus	0.000686	0.0271	CbGeAlD
Ketoprofen—SLC22A6—cortex of kidney—type 2 diabetes mellitus	0.000669	0.0264	CbGeAlD
Ketoprofen—PTGS1—endothelium—type 2 diabetes mellitus	0.000606	0.0239	CbGeAlD
Ketoprofen—PTGS2—endothelium—type 2 diabetes mellitus	0.00058	0.0229	CbGeAlD
Ketoprofen—CXCL8—liver—type 2 diabetes mellitus	0.000556	0.022	CbGeAlD
Ketoprofen—Bopindolol—ADRB3—type 2 diabetes mellitus	0.00051	0.157	CrCbGaD
Ketoprofen—ABCC4—nephron tubule—type 2 diabetes mellitus	0.000472	0.0186	CbGeAlD
Ketoprofen—SLC22A8—nephron tubule—type 2 diabetes mellitus	0.000468	0.0185	CbGeAlD
Ketoprofen—SLC22A11—liver—type 2 diabetes mellitus	0.000461	0.0182	CbGeAlD
Ketoprofen—SLC22A7—liver—type 2 diabetes mellitus	0.00045	0.0178	CbGeAlD
Ketoprofen—SLCO1A2—kidney—type 2 diabetes mellitus	0.000431	0.017	CbGeAlD
Ketoprofen—ABCC4—kidney—type 2 diabetes mellitus	0.000415	0.0164	CbGeAlD
Ketoprofen—ABCC4—pancreas—type 2 diabetes mellitus	0.000412	0.0163	CbGeAlD
Ketoprofen—SLC22A8—kidney—type 2 diabetes mellitus	0.000411	0.0162	CbGeAlD
Ketoprofen—ABCC4—cortex of kidney—type 2 diabetes mellitus	0.000404	0.0159	CbGeAlD
Ketoprofen—SLC22A8—cortex of kidney—type 2 diabetes mellitus	0.000401	0.0158	CbGeAlD
Ketoprofen—ABCC4—adipose tissue—type 2 diabetes mellitus	0.000374	0.0148	CbGeAlD
Ketoprofen—Labetalol—ADRB3—type 2 diabetes mellitus	0.000366	0.113	CrCbGaD
Ketoprofen—PTGS2—islet of Langerhans—type 2 diabetes mellitus	0.00033	0.013	CbGeAlD
Ketoprofen—CYP2C8—kidney—type 2 diabetes mellitus	0.000301	0.0119	CbGeAlD
Ketoprofen—CYP2C9—cardiovascular system—type 2 diabetes mellitus	0.000273	0.0108	CbGeAlD
Ketoprofen—SLCO1A2—liver—type 2 diabetes mellitus	0.000272	0.0108	CbGeAlD
Ketoprofen—ALB—liver—type 2 diabetes mellitus	0.000271	0.0107	CbGeAlD
Ketoprofen—ABCC4—liver—type 2 diabetes mellitus	0.000262	0.0103	CbGeAlD
Ketoprofen—PTGS1—cardiovascular system—type 2 diabetes mellitus	0.00025	0.00985	CbGeAlD
Ketoprofen—PTGS1—kidney—type 2 diabetes mellitus	0.000244	0.00964	CbGeAlD
Ketoprofen—PTGS2—cardiovascular system—type 2 diabetes mellitus	0.000238	0.00941	CbGeAlD
Ketoprofen—PTGS2—kidney—type 2 diabetes mellitus	0.000233	0.00921	CbGeAlD
Ketoprofen—PTGS2—pancreas—type 2 diabetes mellitus	0.000232	0.00915	CbGeAlD
Ketoprofen—PTGS1—adipose tissue—type 2 diabetes mellitus	0.00022	0.00869	CbGeAlD
Ketoprofen—PTGS2—adipose tissue—type 2 diabetes mellitus	0.00021	0.0083	CbGeAlD
Ketoprofen—CYP2C8—liver—type 2 diabetes mellitus	0.00019	0.00751	CbGeAlD
Ketoprofen—CYP2C9—liver—type 2 diabetes mellitus	0.000169	0.00667	CbGeAlD
Ketoprofen—PTGS2—liver—type 2 diabetes mellitus	0.000147	0.00582	CbGeAlD
Ketoprofen—Ketorolac—PTGS2—type 2 diabetes mellitus	0.000143	0.0441	CrCbGaD
Ketoprofen—Carprofen—PTGS2—type 2 diabetes mellitus	0.000143	0.0441	CrCbGaD
Ketoprofen—Bromfenac—PTGS2—type 2 diabetes mellitus	0.000137	0.0422	CrCbGaD
Ketoprofen—Tiaprofenic acid—PTGS2—type 2 diabetes mellitus	0.000117	0.0359	CrCbGaD
Ketoprofen—Nepafenac—PTGS2—type 2 diabetes mellitus	0.000111	0.0342	CrCbGaD
Ketoprofen—Magnesium salicylate—PTGS2—type 2 diabetes mellitus	0.000108	0.0334	CrCbGaD
Ketoprofen—Naproxen—CYP1A2—type 2 diabetes mellitus	0.000107	0.033	CrCbGaD
Ketoprofen—Mebendazole—CYP3A4—type 2 diabetes mellitus	0.000106	0.0327	CrCbGaD
Ketoprofen—Fenbufen—PTGS2—type 2 diabetes mellitus	0.000106	0.0327	CrCbGaD
Ketoprofen—Magnesium salicylate—ALB—type 2 diabetes mellitus	9.67e-05	0.0298	CrCbGaD
Ketoprofen—Salsalate—PTGS2—type 2 diabetes mellitus	9.23e-05	0.0284	CrCbGaD
Ketoprofen—Warfarin—CYP1A2—type 2 diabetes mellitus	9e-05	0.0277	CrCbGaD
Ketoprofen—Suprofen—PTGS2—type 2 diabetes mellitus	8.84e-05	0.0272	CrCbGaD
Ketoprofen—Atomoxetine—HTR2C—type 2 diabetes mellitus	8.4e-05	0.0259	CrCbGaD
Ketoprofen—Malaise—Irbesartan—type 2 diabetes mellitus	8.23e-05	0.000527	CcSEcCtD
Ketoprofen—Vertigo—Irbesartan—type 2 diabetes mellitus	8.2e-05	0.000525	CcSEcCtD
Ketoprofen—Headache—Pioglitazone—type 2 diabetes mellitus	8.2e-05	0.000524	CcSEcCtD
Ketoprofen—Visual impairment—Ramipril—type 2 diabetes mellitus	8.16e-05	0.000522	CcSEcCtD
Ketoprofen—Gastrointestinal disorder—Gliclazide—type 2 diabetes mellitus	8.15e-05	0.000521	CcSEcCtD
Ketoprofen—Discomfort—Metformin—type 2 diabetes mellitus	8.14e-05	0.000521	CcSEcCtD
Ketoprofen—Fatigue—Gliclazide—type 2 diabetes mellitus	8.14e-05	0.000521	CcSEcCtD
Ketoprofen—Nausea—Glipizide—type 2 diabetes mellitus	8.11e-05	0.000519	CcSEcCtD
Ketoprofen—Vomiting—Glimepiride—type 2 diabetes mellitus	8.1e-05	0.000518	CcSEcCtD
Ketoprofen—Vomiting—Sitagliptin—type 2 diabetes mellitus	8.08e-05	0.000517	CcSEcCtD
Ketoprofen—Constipation—Gliclazide—type 2 diabetes mellitus	8.07e-05	0.000516	CcSEcCtD
Ketoprofen—Rash—Glimepiride—type 2 diabetes mellitus	8.03e-05	0.000514	CcSEcCtD
Ketoprofen—Dermatitis—Glimepiride—type 2 diabetes mellitus	8.03e-05	0.000514	CcSEcCtD
Ketoprofen—Rash—Sitagliptin—type 2 diabetes mellitus	8.01e-05	0.000512	CcSEcCtD
Ketoprofen—Dermatitis—Sitagliptin—type 2 diabetes mellitus	8e-05	0.000512	CcSEcCtD
Ketoprofen—Erythema multiforme—Ramipril—type 2 diabetes mellitus	8e-05	0.000512	CcSEcCtD
Ketoprofen—Headache—Glimepiride—type 2 diabetes mellitus	7.98e-05	0.000511	CcSEcCtD
Ketoprofen—Ill-defined disorder—Losartan—type 2 diabetes mellitus	7.97e-05	0.00051	CcSEcCtD
Ketoprofen—Headache—Sitagliptin—type 2 diabetes mellitus	7.96e-05	0.000509	CcSEcCtD
Ketoprofen—Anaemia—Losartan—type 2 diabetes mellitus	7.94e-05	0.000508	CcSEcCtD
Ketoprofen—Musculoskeletal discomfort—Valsartan—type 2 diabetes mellitus	7.9e-05	0.000505	CcSEcCtD
Ketoprofen—Oedema—Metformin—type 2 diabetes mellitus	7.9e-05	0.000505	CcSEcCtD
Ketoprofen—Tinnitus—Ramipril—type 2 diabetes mellitus	7.89e-05	0.000505	CcSEcCtD
Ketoprofen—Hypertension—Irbesartan—type 2 diabetes mellitus	7.88e-05	0.000504	CcSEcCtD
Ketoprofen—Diarrhoea—Bromocriptine—type 2 diabetes mellitus	7.87e-05	0.000503	CcSEcCtD
Ketoprofen—Flushing—Ramipril—type 2 diabetes mellitus	7.85e-05	0.000503	CcSEcCtD
Ketoprofen—Angioedema—Losartan—type 2 diabetes mellitus	7.85e-05	0.000502	CcSEcCtD
Ketoprofen—Infection—Metformin—type 2 diabetes mellitus	7.84e-05	0.000502	CcSEcCtD
Ketoprofen—Insomnia—Valsartan—type 2 diabetes mellitus	7.84e-05	0.000502	CcSEcCtD
Ketoprofen—Musculoskeletal discomfort—Orlistat—type 2 diabetes mellitus	7.81e-05	0.000499	CcSEcCtD
Ketoprofen—Paraesthesia—Valsartan—type 2 diabetes mellitus	7.78e-05	0.000498	CcSEcCtD
Ketoprofen—Feeling abnormal—Gliclazide—type 2 diabetes mellitus	7.78e-05	0.000498	CcSEcCtD
Ketoprofen—Myalgia—Irbesartan—type 2 diabetes mellitus	7.77e-05	0.000497	CcSEcCtD
Ketoprofen—Shock—Metformin—type 2 diabetes mellitus	7.77e-05	0.000497	CcSEcCtD
Ketoprofen—Insomnia—Orlistat—type 2 diabetes mellitus	7.75e-05	0.000496	CcSEcCtD
Ketoprofen—Malaise—Losartan—type 2 diabetes mellitus	7.75e-05	0.000496	CcSEcCtD
Ketoprofen—Anxiety—Irbesartan—type 2 diabetes mellitus	7.75e-05	0.000496	CcSEcCtD
Ketoprofen—Hypersensitivity—Glyburide—type 2 diabetes mellitus	7.74e-05	0.000495	CcSEcCtD
Ketoprofen—Thrombocytopenia—Metformin—type 2 diabetes mellitus	7.73e-05	0.000495	CcSEcCtD
Ketoprofen—Dyspnoea—Valsartan—type 2 diabetes mellitus	7.73e-05	0.000495	CcSEcCtD
Ketoprofen—Vertigo—Losartan—type 2 diabetes mellitus	7.72e-05	0.000494	CcSEcCtD
Ketoprofen—Gastrointestinal pain—Gliclazide—type 2 diabetes mellitus	7.72e-05	0.000494	CcSEcCtD
Ketoprofen—Somnolence—Valsartan—type 2 diabetes mellitus	7.71e-05	0.000493	CcSEcCtD
Ketoprofen—Paraesthesia—Orlistat—type 2 diabetes mellitus	7.69e-05	0.000492	CcSEcCtD
Ketoprofen—Discomfort—Irbesartan—type 2 diabetes mellitus	7.68e-05	0.000491	CcSEcCtD
Ketoprofen—Hyperhidrosis—Metformin—type 2 diabetes mellitus	7.63e-05	0.000488	CcSEcCtD
Ketoprofen—Dyspepsia—Valsartan—type 2 diabetes mellitus	7.63e-05	0.000488	CcSEcCtD
Ketoprofen—Fenoprofen—PTGS2—type 2 diabetes mellitus	7.62e-05	0.0235	CrCbGaD
Ketoprofen—Dizziness—Bromocriptine—type 2 diabetes mellitus	7.6e-05	0.000486	CcSEcCtD
Ketoprofen—Dry mouth—Irbesartan—type 2 diabetes mellitus	7.6e-05	0.000486	CcSEcCtD
Ketoprofen—Palpitations—Losartan—type 2 diabetes mellitus	7.59e-05	0.000486	CcSEcCtD
Ketoprofen—Nausea—Glimepiride—type 2 diabetes mellitus	7.57e-05	0.000484	CcSEcCtD
Ketoprofen—Arrhythmia—Ramipril—type 2 diabetes mellitus	7.56e-05	0.000484	CcSEcCtD
Ketoprofen—Nausea—Sitagliptin—type 2 diabetes mellitus	7.55e-05	0.000483	CcSEcCtD
Ketoprofen—Dyspepsia—Orlistat—type 2 diabetes mellitus	7.54e-05	0.000482	CcSEcCtD
Ketoprofen—Asthenia—Glyburide—type 2 diabetes mellitus	7.54e-05	0.000482	CcSEcCtD
Ketoprofen—Decreased appetite—Valsartan—type 2 diabetes mellitus	7.54e-05	0.000482	CcSEcCtD
Ketoprofen—Anorexia—Metformin—type 2 diabetes mellitus	7.53e-05	0.000482	CcSEcCtD
Ketoprofen—Urticaria—Gliclazide—type 2 diabetes mellitus	7.5e-05	0.00048	CcSEcCtD
Ketoprofen—Gastrointestinal disorder—Valsartan—type 2 diabetes mellitus	7.48e-05	0.000479	CcSEcCtD
Ketoprofen—Alopecia—Ramipril—type 2 diabetes mellitus	7.48e-05	0.000478	CcSEcCtD
Ketoprofen—Fatigue—Valsartan—type 2 diabetes mellitus	7.47e-05	0.000478	CcSEcCtD
Ketoprofen—Abdominal pain—Gliclazide—type 2 diabetes mellitus	7.46e-05	0.000477	CcSEcCtD
Ketoprofen—Anaphylactic shock—Irbesartan—type 2 diabetes mellitus	7.45e-05	0.000477	CcSEcCtD
Ketoprofen—Oedema—Irbesartan—type 2 diabetes mellitus	7.45e-05	0.000477	CcSEcCtD
Ketoprofen—Decreased appetite—Orlistat—type 2 diabetes mellitus	7.45e-05	0.000476	CcSEcCtD
Ketoprofen—Pruritus—Glyburide—type 2 diabetes mellitus	7.44e-05	0.000476	CcSEcCtD
Ketoprofen—Constipation—Valsartan—type 2 diabetes mellitus	7.41e-05	0.000474	CcSEcCtD
Ketoprofen—Infection—Irbesartan—type 2 diabetes mellitus	7.4e-05	0.000474	CcSEcCtD
Ketoprofen—Gastrointestinal disorder—Orlistat—type 2 diabetes mellitus	7.4e-05	0.000473	CcSEcCtD
Ketoprofen—Fatigue—Orlistat—type 2 diabetes mellitus	7.39e-05	0.000473	CcSEcCtD
Ketoprofen—Modafinil—CYP1A2—type 2 diabetes mellitus	7.37e-05	0.0227	CrCbGaD
Ketoprofen—Erythema—Ramipril—type 2 diabetes mellitus	7.37e-05	0.000471	CcSEcCtD
Ketoprofen—Shock—Irbesartan—type 2 diabetes mellitus	7.33e-05	0.000469	CcSEcCtD
Ketoprofen—Myalgia—Losartan—type 2 diabetes mellitus	7.31e-05	0.000468	CcSEcCtD
Ketoprofen—Vomiting—Bromocriptine—type 2 diabetes mellitus	7.31e-05	0.000468	CcSEcCtD
Ketoprofen—Thrombocytopenia—Irbesartan—type 2 diabetes mellitus	7.29e-05	0.000467	CcSEcCtD
Ketoprofen—Anxiety—Losartan—type 2 diabetes mellitus	7.29e-05	0.000466	CcSEcCtD
Ketoprofen—Tachycardia—Irbesartan—type 2 diabetes mellitus	7.27e-05	0.000465	CcSEcCtD
Ketoprofen—Rash—Bromocriptine—type 2 diabetes mellitus	7.25e-05	0.000464	CcSEcCtD
Ketoprofen—Dermatitis—Bromocriptine—type 2 diabetes mellitus	7.24e-05	0.000463	CcSEcCtD
Ketoprofen—Tension—Ramipril—type 2 diabetes mellitus	7.23e-05	0.000463	CcSEcCtD
Ketoprofen—Discomfort—Losartan—type 2 diabetes mellitus	7.23e-05	0.000462	CcSEcCtD
Ketoprofen—Dysgeusia—Ramipril—type 2 diabetes mellitus	7.21e-05	0.000462	CcSEcCtD
Ketoprofen—Hyperhidrosis—Irbesartan—type 2 diabetes mellitus	7.2e-05	0.000461	CcSEcCtD
Ketoprofen—Headache—Bromocriptine—type 2 diabetes mellitus	7.2e-05	0.000461	CcSEcCtD
Ketoprofen—Musculoskeletal discomfort—Metformin—type 2 diabetes mellitus	7.19e-05	0.00046	CcSEcCtD
Ketoprofen—Diarrhoea—Glyburide—type 2 diabetes mellitus	7.19e-05	0.00046	CcSEcCtD
Ketoprofen—Nervousness—Ramipril—type 2 diabetes mellitus	7.15e-05	0.000458	CcSEcCtD
Ketoprofen—Dry mouth—Losartan—type 2 diabetes mellitus	7.15e-05	0.000458	CcSEcCtD
Ketoprofen—Anorexia—Irbesartan—type 2 diabetes mellitus	7.1e-05	0.000454	CcSEcCtD
Ketoprofen—Gastrointestinal pain—Valsartan—type 2 diabetes mellitus	7.09e-05	0.000454	CcSEcCtD
Ketoprofen—Paraesthesia—Metformin—type 2 diabetes mellitus	7.09e-05	0.000454	CcSEcCtD
Ketoprofen—Mefenamic acid—PTGS2—type 2 diabetes mellitus	7.07e-05	0.0218	CrCbGaD
Ketoprofen—Confusional state—Losartan—type 2 diabetes mellitus	7.07e-05	0.000452	CcSEcCtD
Ketoprofen—Feeling abnormal—Orlistat—type 2 diabetes mellitus	7.06e-05	0.000452	CcSEcCtD
Ketoprofen—Dyspnoea—Metformin—type 2 diabetes mellitus	7.04e-05	0.00045	CcSEcCtD
Ketoprofen—Somnolence—Metformin—type 2 diabetes mellitus	7.02e-05	0.000449	CcSEcCtD
Ketoprofen—Anaphylactic shock—Losartan—type 2 diabetes mellitus	7.01e-05	0.000449	CcSEcCtD
Ketoprofen—Oedema—Losartan—type 2 diabetes mellitus	7.01e-05	0.000449	CcSEcCtD
Ketoprofen—Gastrointestinal pain—Orlistat—type 2 diabetes mellitus	7.01e-05	0.000448	CcSEcCtD
Ketoprofen—Infection—Losartan—type 2 diabetes mellitus	6.97e-05	0.000446	CcSEcCtD
Ketoprofen—Hypersensitivity—Gliclazide—type 2 diabetes mellitus	6.95e-05	0.000445	CcSEcCtD
Ketoprofen—Dyspepsia—Metformin—type 2 diabetes mellitus	6.95e-05	0.000445	CcSEcCtD
Ketoprofen—Naproxen—PTGS2—type 2 diabetes mellitus	6.94e-05	0.0214	CrCbGaD
Ketoprofen—Shock—Losartan—type 2 diabetes mellitus	6.9e-05	0.000441	CcSEcCtD
Ketoprofen—Urticaria—Valsartan—type 2 diabetes mellitus	6.89e-05	0.000441	CcSEcCtD
Ketoprofen—Thrombocytopenia—Losartan—type 2 diabetes mellitus	6.87e-05	0.000439	CcSEcCtD
Ketoprofen—Decreased appetite—Metformin—type 2 diabetes mellitus	6.86e-05	0.000439	CcSEcCtD
Ketoprofen—Abdominal pain—Valsartan—type 2 diabetes mellitus	6.85e-05	0.000439	CcSEcCtD
Ketoprofen—Tachycardia—Losartan—type 2 diabetes mellitus	6.84e-05	0.000438	CcSEcCtD
Ketoprofen—Ill-defined disorder—Ramipril—type 2 diabetes mellitus	6.84e-05	0.000437	CcSEcCtD
Ketoprofen—Nausea—Bromocriptine—type 2 diabetes mellitus	6.83e-05	0.000437	CcSEcCtD
Ketoprofen—Gastrointestinal disorder—Metformin—type 2 diabetes mellitus	6.82e-05	0.000436	CcSEcCtD
Ketoprofen—Fatigue—Metformin—type 2 diabetes mellitus	6.81e-05	0.000436	CcSEcCtD
Ketoprofen—Urticaria—Orlistat—type 2 diabetes mellitus	6.81e-05	0.000435	CcSEcCtD
Ketoprofen—Fenoprofen—ALB—type 2 diabetes mellitus	6.79e-05	0.0209	CrCbGaD
Ketoprofen—Musculoskeletal discomfort—Irbesartan—type 2 diabetes mellitus	6.79e-05	0.000434	CcSEcCtD
Ketoprofen—Hyperhidrosis—Losartan—type 2 diabetes mellitus	6.78e-05	0.000434	CcSEcCtD
Ketoprofen—Abdominal pain—Orlistat—type 2 diabetes mellitus	6.77e-05	0.000433	CcSEcCtD
Ketoprofen—Asthenia—Gliclazide—type 2 diabetes mellitus	6.77e-05	0.000433	CcSEcCtD
Ketoprofen—Constipation—Metformin—type 2 diabetes mellitus	6.75e-05	0.000432	CcSEcCtD
Ketoprofen—Angioedema—Ramipril—type 2 diabetes mellitus	6.73e-05	0.000431	CcSEcCtD
Ketoprofen—Phenprocoumon—CYP3A4—type 2 diabetes mellitus	6.71e-05	0.0207	CrCbGaD
Ketoprofen—Paraesthesia—Irbesartan—type 2 diabetes mellitus	6.69e-05	0.000428	CcSEcCtD
Ketoprofen—Anorexia—Losartan—type 2 diabetes mellitus	6.68e-05	0.000428	CcSEcCtD
Ketoprofen—Vomiting—Glyburide—type 2 diabetes mellitus	6.68e-05	0.000428	CcSEcCtD
Ketoprofen—Pruritus—Gliclazide—type 2 diabetes mellitus	6.68e-05	0.000427	CcSEcCtD
Ketoprofen—Malaise—Ramipril—type 2 diabetes mellitus	6.64e-05	0.000425	CcSEcCtD
Ketoprofen—Dyspnoea—Irbesartan—type 2 diabetes mellitus	6.64e-05	0.000425	CcSEcCtD
Ketoprofen—Rash—Glyburide—type 2 diabetes mellitus	6.63e-05	0.000424	CcSEcCtD
Ketoprofen—Somnolence—Irbesartan—type 2 diabetes mellitus	6.62e-05	0.000424	CcSEcCtD
Ketoprofen—Dermatitis—Glyburide—type 2 diabetes mellitus	6.62e-05	0.000424	CcSEcCtD
Ketoprofen—Vertigo—Ramipril—type 2 diabetes mellitus	6.62e-05	0.000423	CcSEcCtD
Ketoprofen—Headache—Glyburide—type 2 diabetes mellitus	6.58e-05	0.000421	CcSEcCtD
Ketoprofen—Dyspepsia—Irbesartan—type 2 diabetes mellitus	6.56e-05	0.00042	CcSEcCtD
Ketoprofen—Palpitations—Ramipril—type 2 diabetes mellitus	6.51e-05	0.000417	CcSEcCtD
Ketoprofen—Feeling abnormal—Metformin—type 2 diabetes mellitus	6.51e-05	0.000416	CcSEcCtD
Ketoprofen—Decreased appetite—Irbesartan—type 2 diabetes mellitus	6.48e-05	0.000414	CcSEcCtD
Ketoprofen—Diarrhoea—Gliclazide—type 2 diabetes mellitus	6.46e-05	0.000413	CcSEcCtD
Ketoprofen—Gastrointestinal pain—Metformin—type 2 diabetes mellitus	6.46e-05	0.000413	CcSEcCtD
Ketoprofen—Gastrointestinal disorder—Irbesartan—type 2 diabetes mellitus	6.43e-05	0.000412	CcSEcCtD
Ketoprofen—Fatigue—Irbesartan—type 2 diabetes mellitus	6.42e-05	0.000411	CcSEcCtD
Ketoprofen—Musculoskeletal discomfort—Losartan—type 2 diabetes mellitus	6.39e-05	0.000409	CcSEcCtD
Ketoprofen—Hypersensitivity—Valsartan—type 2 diabetes mellitus	6.39e-05	0.000409	CcSEcCtD
Ketoprofen—Convulsion—Ramipril—type 2 diabetes mellitus	6.38e-05	0.000408	CcSEcCtD
Ketoprofen—Constipation—Irbesartan—type 2 diabetes mellitus	6.37e-05	0.000408	CcSEcCtD
Ketoprofen—Insomnia—Losartan—type 2 diabetes mellitus	6.34e-05	0.000406	CcSEcCtD
Ketoprofen—Hypersensitivity—Orlistat—type 2 diabetes mellitus	6.31e-05	0.000404	CcSEcCtD
Ketoprofen—Paraesthesia—Losartan—type 2 diabetes mellitus	6.3e-05	0.000403	CcSEcCtD
Ketoprofen—Urticaria—Metformin—type 2 diabetes mellitus	6.27e-05	0.000401	CcSEcCtD
Ketoprofen—Myalgia—Ramipril—type 2 diabetes mellitus	6.27e-05	0.000401	CcSEcCtD
Ketoprofen—Dyspnoea—Losartan—type 2 diabetes mellitus	6.25e-05	0.0004	CcSEcCtD
Ketoprofen—Anxiety—Ramipril—type 2 diabetes mellitus	6.25e-05	0.0004	CcSEcCtD
Ketoprofen—Nausea—Glyburide—type 2 diabetes mellitus	6.24e-05	0.000399	CcSEcCtD
Ketoprofen—Abdominal pain—Metformin—type 2 diabetes mellitus	6.24e-05	0.000399	CcSEcCtD
Ketoprofen—Dizziness—Gliclazide—type 2 diabetes mellitus	6.24e-05	0.000399	CcSEcCtD
Ketoprofen—Somnolence—Losartan—type 2 diabetes mellitus	6.23e-05	0.000399	CcSEcCtD
Ketoprofen—Asthenia—Valsartan—type 2 diabetes mellitus	6.22e-05	0.000398	CcSEcCtD
Ketoprofen—Discomfort—Ramipril—type 2 diabetes mellitus	6.2e-05	0.000396	CcSEcCtD
Ketoprofen—Naproxen—ALB—type 2 diabetes mellitus	6.18e-05	0.019	CrCbGaD
Ketoprofen—Dyspepsia—Losartan—type 2 diabetes mellitus	6.17e-05	0.000395	CcSEcCtD
Ketoprofen—Asthenia—Orlistat—type 2 diabetes mellitus	6.15e-05	0.000393	CcSEcCtD
Ketoprofen—Feeling abnormal—Irbesartan—type 2 diabetes mellitus	6.14e-05	0.000393	CcSEcCtD
Ketoprofen—Pruritus—Valsartan—type 2 diabetes mellitus	6.13e-05	0.000392	CcSEcCtD
Ketoprofen—Dry mouth—Ramipril—type 2 diabetes mellitus	6.13e-05	0.000392	CcSEcCtD
Ketoprofen—Decreased appetite—Losartan—type 2 diabetes mellitus	6.1e-05	0.00039	CcSEcCtD
Ketoprofen—Gastrointestinal pain—Irbesartan—type 2 diabetes mellitus	6.09e-05	0.00039	CcSEcCtD
Ketoprofen—Confusional state—Ramipril—type 2 diabetes mellitus	6.06e-05	0.000388	CcSEcCtD
Ketoprofen—Pruritus—Orlistat—type 2 diabetes mellitus	6.06e-05	0.000388	CcSEcCtD
Ketoprofen—Fatigue—Losartan—type 2 diabetes mellitus	6.05e-05	0.000387	CcSEcCtD
Ketoprofen—Oedema—Ramipril—type 2 diabetes mellitus	6.01e-05	0.000385	CcSEcCtD
Ketoprofen—Anaphylactic shock—Ramipril—type 2 diabetes mellitus	6.01e-05	0.000385	CcSEcCtD
Ketoprofen—Vomiting—Gliclazide—type 2 diabetes mellitus	6e-05	0.000384	CcSEcCtD
Ketoprofen—Constipation—Losartan—type 2 diabetes mellitus	6e-05	0.000384	CcSEcCtD
Ketoprofen—Warfarin—CYP3A4—type 2 diabetes mellitus	5.96e-05	0.0183	CrCbGaD
Ketoprofen—Rash—Gliclazide—type 2 diabetes mellitus	5.95e-05	0.000381	CcSEcCtD
Ketoprofen—Dermatitis—Gliclazide—type 2 diabetes mellitus	5.94e-05	0.00038	CcSEcCtD
Ketoprofen—Diarrhoea—Valsartan—type 2 diabetes mellitus	5.93e-05	0.00038	CcSEcCtD
Ketoprofen—Urticaria—Irbesartan—type 2 diabetes mellitus	5.92e-05	0.000379	CcSEcCtD
Ketoprofen—Shock—Ramipril—type 2 diabetes mellitus	5.92e-05	0.000378	CcSEcCtD
Ketoprofen—Headache—Gliclazide—type 2 diabetes mellitus	5.91e-05	0.000378	CcSEcCtD
Ketoprofen—Abdominal pain—Irbesartan—type 2 diabetes mellitus	5.89e-05	0.000377	CcSEcCtD
Ketoprofen—Thrombocytopenia—Ramipril—type 2 diabetes mellitus	5.89e-05	0.000377	CcSEcCtD
Ketoprofen—Tachycardia—Ramipril—type 2 diabetes mellitus	5.87e-05	0.000375	CcSEcCtD
Ketoprofen—Diarrhoea—Orlistat—type 2 diabetes mellitus	5.86e-05	0.000375	CcSEcCtD
Ketoprofen—Phenprocoumon—ALB—type 2 diabetes mellitus	5.86e-05	0.018	CrCbGaD
Ketoprofen—Hyperhidrosis—Ramipril—type 2 diabetes mellitus	5.81e-05	0.000372	CcSEcCtD
Ketoprofen—Feeling abnormal—Losartan—type 2 diabetes mellitus	5.78e-05	0.00037	CcSEcCtD
Ketoprofen—Gastrointestinal pain—Losartan—type 2 diabetes mellitus	5.73e-05	0.000367	CcSEcCtD
Ketoprofen—Dizziness—Valsartan—type 2 diabetes mellitus	5.73e-05	0.000367	CcSEcCtD
Ketoprofen—Anorexia—Ramipril—type 2 diabetes mellitus	5.73e-05	0.000367	CcSEcCtD
Ketoprofen—Dizziness—Orlistat—type 2 diabetes mellitus	5.67e-05	0.000362	CcSEcCtD
Ketoprofen—Asthenia—Metformin—type 2 diabetes mellitus	5.66e-05	0.000362	CcSEcCtD
Ketoprofen—Nausea—Gliclazide—type 2 diabetes mellitus	5.61e-05	0.000359	CcSEcCtD
Ketoprofen—Pruritus—Metformin—type 2 diabetes mellitus	5.59e-05	0.000357	CcSEcCtD
Ketoprofen—Urticaria—Losartan—type 2 diabetes mellitus	5.57e-05	0.000356	CcSEcCtD
Ketoprofen—Abdominal pain—Losartan—type 2 diabetes mellitus	5.54e-05	0.000355	CcSEcCtD
Ketoprofen—Vomiting—Valsartan—type 2 diabetes mellitus	5.51e-05	0.000353	CcSEcCtD
Ketoprofen—Hypersensitivity—Irbesartan—type 2 diabetes mellitus	5.49e-05	0.000351	CcSEcCtD
Ketoprofen—Musculoskeletal discomfort—Ramipril—type 2 diabetes mellitus	5.48e-05	0.00035	CcSEcCtD
Ketoprofen—Rash—Valsartan—type 2 diabetes mellitus	5.47e-05	0.00035	CcSEcCtD
Ketoprofen—Dermatitis—Valsartan—type 2 diabetes mellitus	5.46e-05	0.000349	CcSEcCtD
Ketoprofen—Vomiting—Orlistat—type 2 diabetes mellitus	5.45e-05	0.000349	CcSEcCtD
Ketoprofen—Insomnia—Ramipril—type 2 diabetes mellitus	5.44e-05	0.000348	CcSEcCtD
Ketoprofen—Headache—Valsartan—type 2 diabetes mellitus	5.43e-05	0.000348	CcSEcCtD
Ketoprofen—Diarrhoea—Metformin—type 2 diabetes mellitus	5.4e-05	0.000346	CcSEcCtD
Ketoprofen—Rash—Orlistat—type 2 diabetes mellitus	5.4e-05	0.000346	CcSEcCtD
Ketoprofen—Paraesthesia—Ramipril—type 2 diabetes mellitus	5.4e-05	0.000345	CcSEcCtD
Ketoprofen—Dermatitis—Orlistat—type 2 diabetes mellitus	5.4e-05	0.000345	CcSEcCtD
Ketoprofen—Headache—Orlistat—type 2 diabetes mellitus	5.37e-05	0.000343	CcSEcCtD
Ketoprofen—Dyspnoea—Ramipril—type 2 diabetes mellitus	5.36e-05	0.000343	CcSEcCtD
Ketoprofen—Asthenia—Irbesartan—type 2 diabetes mellitus	5.35e-05	0.000342	CcSEcCtD
Ketoprofen—Somnolence—Ramipril—type 2 diabetes mellitus	5.34e-05	0.000342	CcSEcCtD
Ketoprofen—Dyspepsia—Ramipril—type 2 diabetes mellitus	5.29e-05	0.000339	CcSEcCtD
Ketoprofen—Pruritus—Irbesartan—type 2 diabetes mellitus	5.27e-05	0.000337	CcSEcCtD
Ketoprofen—Decreased appetite—Ramipril—type 2 diabetes mellitus	5.23e-05	0.000334	CcSEcCtD
Ketoprofen—Dizziness—Metformin—type 2 diabetes mellitus	5.22e-05	0.000334	CcSEcCtD
Ketoprofen—Warfarin—ALB—type 2 diabetes mellitus	5.2e-05	0.016	CrCbGaD
Ketoprofen—Gastrointestinal disorder—Ramipril—type 2 diabetes mellitus	5.19e-05	0.000332	CcSEcCtD
Ketoprofen—Fatigue—Ramipril—type 2 diabetes mellitus	5.18e-05	0.000332	CcSEcCtD
Ketoprofen—Hypersensitivity—Losartan—type 2 diabetes mellitus	5.17e-05	0.000331	CcSEcCtD
Ketoprofen—Nausea—Valsartan—type 2 diabetes mellitus	5.15e-05	0.000329	CcSEcCtD
Ketoprofen—Constipation—Ramipril—type 2 diabetes mellitus	5.14e-05	0.000329	CcSEcCtD
Ketoprofen—Diarrhoea—Irbesartan—type 2 diabetes mellitus	5.1e-05	0.000326	CcSEcCtD
Ketoprofen—Nausea—Orlistat—type 2 diabetes mellitus	5.09e-05	0.000326	CcSEcCtD
Ketoprofen—Asthenia—Losartan—type 2 diabetes mellitus	5.03e-05	0.000322	CcSEcCtD
Ketoprofen—Vomiting—Metformin—type 2 diabetes mellitus	5.02e-05	0.000321	CcSEcCtD
Ketoprofen—Rash—Metformin—type 2 diabetes mellitus	4.98e-05	0.000319	CcSEcCtD
Ketoprofen—Flurbiprofen—PTGS2—type 2 diabetes mellitus	4.97e-05	0.0153	CrCbGaD
Ketoprofen—Dermatitis—Metformin—type 2 diabetes mellitus	4.97e-05	0.000318	CcSEcCtD
Ketoprofen—Pruritus—Losartan—type 2 diabetes mellitus	4.96e-05	0.000317	CcSEcCtD
Ketoprofen—Feeling abnormal—Ramipril—type 2 diabetes mellitus	4.95e-05	0.000317	CcSEcCtD
Ketoprofen—Headache—Metformin—type 2 diabetes mellitus	4.95e-05	0.000316	CcSEcCtD
Ketoprofen—Dizziness—Irbesartan—type 2 diabetes mellitus	4.93e-05	0.000315	CcSEcCtD
Ketoprofen—Gastrointestinal pain—Ramipril—type 2 diabetes mellitus	4.92e-05	0.000315	CcSEcCtD
Ketoprofen—Modafinil—CYP3A4—type 2 diabetes mellitus	4.88e-05	0.015	CrCbGaD
Ketoprofen—Diarrhoea—Losartan—type 2 diabetes mellitus	4.8e-05	0.000307	CcSEcCtD
Ketoprofen—Urticaria—Ramipril—type 2 diabetes mellitus	4.78e-05	0.000306	CcSEcCtD
Ketoprofen—Abdominal pain—Ramipril—type 2 diabetes mellitus	4.75e-05	0.000304	CcSEcCtD
Ketoprofen—Vomiting—Irbesartan—type 2 diabetes mellitus	4.74e-05	0.000303	CcSEcCtD
Ketoprofen—Rash—Irbesartan—type 2 diabetes mellitus	4.7e-05	0.000301	CcSEcCtD
Ketoprofen—Dermatitis—Irbesartan—type 2 diabetes mellitus	4.69e-05	0.0003	CcSEcCtD
Ketoprofen—Nausea—Metformin—type 2 diabetes mellitus	4.69e-05	0.0003	CcSEcCtD
Ketoprofen—Headache—Irbesartan—type 2 diabetes mellitus	4.67e-05	0.000299	CcSEcCtD
Ketoprofen—Dizziness—Losartan—type 2 diabetes mellitus	4.64e-05	0.000297	CcSEcCtD
Ketoprofen—Vomiting—Losartan—type 2 diabetes mellitus	4.46e-05	0.000285	CcSEcCtD
Ketoprofen—Flurbiprofen—ALB—type 2 diabetes mellitus	4.43e-05	0.0136	CrCbGaD
Ketoprofen—Hypersensitivity—Ramipril—type 2 diabetes mellitus	4.43e-05	0.000283	CcSEcCtD
Ketoprofen—Nausea—Irbesartan—type 2 diabetes mellitus	4.43e-05	0.000283	CcSEcCtD
Ketoprofen—Rash—Losartan—type 2 diabetes mellitus	4.42e-05	0.000283	CcSEcCtD
Ketoprofen—Dermatitis—Losartan—type 2 diabetes mellitus	4.42e-05	0.000283	CcSEcCtD
Ketoprofen—Headache—Losartan—type 2 diabetes mellitus	4.39e-05	0.000281	CcSEcCtD
Ketoprofen—Asthenia—Ramipril—type 2 diabetes mellitus	4.31e-05	0.000276	CcSEcCtD
Ketoprofen—Pruritus—Ramipril—type 2 diabetes mellitus	4.25e-05	0.000272	CcSEcCtD
Ketoprofen—Atomoxetine—CYP3A4—type 2 diabetes mellitus	4.2e-05	0.0129	CrCbGaD
Ketoprofen—Nausea—Losartan—type 2 diabetes mellitus	4.16e-05	0.000266	CcSEcCtD
Ketoprofen—Diarrhoea—Ramipril—type 2 diabetes mellitus	4.11e-05	0.000263	CcSEcCtD
Ketoprofen—Dizziness—Ramipril—type 2 diabetes mellitus	3.98e-05	0.000254	CcSEcCtD
Ketoprofen—Vomiting—Ramipril—type 2 diabetes mellitus	3.82e-05	0.000245	CcSEcCtD
Ketoprofen—Rash—Ramipril—type 2 diabetes mellitus	3.79e-05	0.000243	CcSEcCtD
Ketoprofen—Dermatitis—Ramipril—type 2 diabetes mellitus	3.79e-05	0.000242	CcSEcCtD
Ketoprofen—Headache—Ramipril—type 2 diabetes mellitus	3.77e-05	0.000241	CcSEcCtD
Ketoprofen—Nausea—Ramipril—type 2 diabetes mellitus	3.57e-05	0.000228	CcSEcCtD
Ketoprofen—ALB—Metabolism of lipids and lipoproteins—PPARG—type 2 diabetes mellitus	4.5e-06	4.77e-05	CbGpPWpGaD
Ketoprofen—ALB—Metabolism—HBA1—type 2 diabetes mellitus	4.5e-06	4.77e-05	CbGpPWpGaD
Ketoprofen—ALB—Metabolism—LIPC—type 2 diabetes mellitus	4.5e-06	4.77e-05	CbGpPWpGaD
Ketoprofen—ALB—Metabolism—GCK—type 2 diabetes mellitus	4.5e-06	4.77e-05	CbGpPWpGaD
Ketoprofen—CYP2C8—Metabolism—CYP11A1—type 2 diabetes mellitus	4.49e-06	4.77e-05	CbGpPWpGaD
Ketoprofen—PTGS2—Disease—TGFBR2—type 2 diabetes mellitus	4.49e-06	4.76e-05	CbGpPWpGaD
Ketoprofen—CXCR1—Signaling Pathways—IL6—type 2 diabetes mellitus	4.49e-06	4.76e-05	CbGpPWpGaD
Ketoprofen—CXCL8—Signaling Pathways—IGF1—type 2 diabetes mellitus	4.48e-06	4.76e-05	CbGpPWpGaD
Ketoprofen—CXCL8—Signaling Pathways—AKT2—type 2 diabetes mellitus	4.48e-06	4.75e-05	CbGpPWpGaD
Ketoprofen—PTGS1—Metabolism—APOB—type 2 diabetes mellitus	4.47e-06	4.75e-05	CbGpPWpGaD
Ketoprofen—ALB—Metabolism—CYP11A1—type 2 diabetes mellitus	4.47e-06	4.74e-05	CbGpPWpGaD
Ketoprofen—CXCL8—Signaling by GPCR—EGFR—type 2 diabetes mellitus	4.46e-06	4.73e-05	CbGpPWpGaD
Ketoprofen—CYP2C9—Metabolism of lipids and lipoproteins—PPARA—type 2 diabetes mellitus	4.45e-06	4.73e-05	CbGpPWpGaD
Ketoprofen—ALB—Hemostasis—SERPINE1—type 2 diabetes mellitus	4.45e-06	4.72e-05	CbGpPWpGaD
Ketoprofen—CYP2C9—Metabolism—ALDOB—type 2 diabetes mellitus	4.44e-06	4.71e-05	CbGpPWpGaD
Ketoprofen—CYP2C8—Metabolism—SLC9A1—type 2 diabetes mellitus	4.41e-06	4.68e-05	CbGpPWpGaD
Ketoprofen—PTGS2—Metabolism—CYP3A4—type 2 diabetes mellitus	4.4e-06	4.66e-05	CbGpPWpGaD
Ketoprofen—ALB—Metabolism—SLC9A1—type 2 diabetes mellitus	4.39e-06	4.66e-05	CbGpPWpGaD
Ketoprofen—CYP2C8—Metabolism—CETP—type 2 diabetes mellitus	4.36e-06	4.63e-05	CbGpPWpGaD
Ketoprofen—PTGS1—Metabolism—GSTM1—type 2 diabetes mellitus	4.35e-06	4.62e-05	CbGpPWpGaD
Ketoprofen—PTGS2—Disease—CDKN2B—type 2 diabetes mellitus	4.35e-06	4.61e-05	CbGpPWpGaD
Ketoprofen—ALB—Metabolism—CETP—type 2 diabetes mellitus	4.34e-06	4.6e-05	CbGpPWpGaD
Ketoprofen—PTGS2—Metabolism—GCG—type 2 diabetes mellitus	4.32e-06	4.59e-05	CbGpPWpGaD
Ketoprofen—PTGS2—Metabolism—SLC2A4—type 2 diabetes mellitus	4.32e-06	4.59e-05	CbGpPWpGaD
Ketoprofen—ABCC4—Hemostasis—AKT1—type 2 diabetes mellitus	4.32e-06	4.58e-05	CbGpPWpGaD
Ketoprofen—CYP2C9—Metabolism of lipids and lipoproteins—AGT—type 2 diabetes mellitus	4.31e-06	4.58e-05	CbGpPWpGaD
Ketoprofen—PTGS1—Metabolism—LPL—type 2 diabetes mellitus	4.27e-06	4.53e-05	CbGpPWpGaD
Ketoprofen—CXCL8—Signaling Pathways—SERPINE1—type 2 diabetes mellitus	4.26e-06	4.52e-05	CbGpPWpGaD
Ketoprofen—ALB—Hemostasis—NOS3—type 2 diabetes mellitus	4.25e-06	4.51e-05	CbGpPWpGaD
Ketoprofen—ALB—Hemostasis—PIK3R1—type 2 diabetes mellitus	4.25e-06	4.51e-05	CbGpPWpGaD
Ketoprofen—PTGS2—Disease—APOB—type 2 diabetes mellitus	4.24e-06	4.5e-05	CbGpPWpGaD
Ketoprofen—CYP2C9—Metabolism of lipids and lipoproteins—APOE—type 2 diabetes mellitus	4.23e-06	4.48e-05	CbGpPWpGaD
Ketoprofen—PTGS1—Metabolism—ADCY5—type 2 diabetes mellitus	4.18e-06	4.44e-05	CbGpPWpGaD
Ketoprofen—CYP2C9—Metabolism of lipids and lipoproteins—APOA1—type 2 diabetes mellitus	4.18e-06	4.43e-05	CbGpPWpGaD
Ketoprofen—PTGS1—Metabolism—GPX1—type 2 diabetes mellitus	4.17e-06	4.42e-05	CbGpPWpGaD
Ketoprofen—CXCR1—Signaling Pathways—AKT1—type 2 diabetes mellitus	4.14e-06	4.39e-05	CbGpPWpGaD
Ketoprofen—CYP2C9—Metabolism—GLP1R—type 2 diabetes mellitus	4.13e-06	4.38e-05	CbGpPWpGaD
Ketoprofen—SLCO1A2—Metabolism—PPARG—type 2 diabetes mellitus	4.1e-06	4.35e-05	CbGpPWpGaD
Ketoprofen—CYP2C8—Metabolism of lipids and lipoproteins—ALB—type 2 diabetes mellitus	4.07e-06	4.32e-05	CbGpPWpGaD
Ketoprofen—CXCL8—Signaling Pathways—PIK3R1—type 2 diabetes mellitus	4.07e-06	4.31e-05	CbGpPWpGaD
Ketoprofen—CXCL8—Signaling Pathways—NOS3—type 2 diabetes mellitus	4.07e-06	4.31e-05	CbGpPWpGaD
Ketoprofen—PTGS1—Metabolism—CD36—type 2 diabetes mellitus	4.06e-06	4.31e-05	CbGpPWpGaD
Ketoprofen—CYP2C8—Metabolism—PSMD6—type 2 diabetes mellitus	4.06e-06	4.3e-05	CbGpPWpGaD
Ketoprofen—CYP2C8—Metabolism—SNAP25—type 2 diabetes mellitus	4.06e-06	4.3e-05	CbGpPWpGaD
Ketoprofen—CYP2C8—Metabolism—SREBF1—type 2 diabetes mellitus	4.06e-06	4.3e-05	CbGpPWpGaD
Ketoprofen—PTGS2—Disease—LPL—type 2 diabetes mellitus	4.05e-06	4.3e-05	CbGpPWpGaD
Ketoprofen—ALB—Metabolism—SREBF1—type 2 diabetes mellitus	4.03e-06	4.28e-05	CbGpPWpGaD
Ketoprofen—ALB—Metabolism—SNAP25—type 2 diabetes mellitus	4.03e-06	4.28e-05	CbGpPWpGaD
Ketoprofen—ALB—Metabolism—PSMD6—type 2 diabetes mellitus	4.03e-06	4.28e-05	CbGpPWpGaD
Ketoprofen—SLCO1A2—Metabolism—INS—type 2 diabetes mellitus	4.02e-06	4.27e-05	CbGpPWpGaD
Ketoprofen—PTGS1—Metabolism—PPP2CA—type 2 diabetes mellitus	4.01e-06	4.25e-05	CbGpPWpGaD
Ketoprofen—CYP2C8—Metabolism—CTGF—type 2 diabetes mellitus	3.98e-06	4.22e-05	CbGpPWpGaD
Ketoprofen—PTGS2—Disease—ADCY5—type 2 diabetes mellitus	3.96e-06	4.21e-05	CbGpPWpGaD
Ketoprofen—ALB—Metabolism—CTGF—type 2 diabetes mellitus	3.96e-06	4.2e-05	CbGpPWpGaD
Ketoprofen—CYP2C8—Metabolism—HMGCR—type 2 diabetes mellitus	3.95e-06	4.19e-05	CbGpPWpGaD
Ketoprofen—ALB—Metabolism—HMGCR—type 2 diabetes mellitus	3.92e-06	4.16e-05	CbGpPWpGaD
Ketoprofen—CYP2C8—Metabolism of lipids and lipoproteins—PIK3R1—type 2 diabetes mellitus	3.89e-06	4.13e-05	CbGpPWpGaD
Ketoprofen—ALB—Metabolism of lipids and lipoproteins—PIK3R1—type 2 diabetes mellitus	3.87e-06	4.1e-05	CbGpPWpGaD
Ketoprofen—CYP2C8—Metabolism—ADRA2A—type 2 diabetes mellitus	3.86e-06	4.1e-05	CbGpPWpGaD
Ketoprofen—CYP2C9—Metabolism—SLC2A2—type 2 diabetes mellitus	3.85e-06	4.09e-05	CbGpPWpGaD
Ketoprofen—PTGS1—Metabolism—MTHFR—type 2 diabetes mellitus	3.85e-06	4.08e-05	CbGpPWpGaD
Ketoprofen—ALB—Metabolism—ADRA2A—type 2 diabetes mellitus	3.84e-06	4.07e-05	CbGpPWpGaD
Ketoprofen—CXCL8—Signaling Pathways—RELA—type 2 diabetes mellitus	3.83e-06	4.06e-05	CbGpPWpGaD
Ketoprofen—PTGS2—Disease—PPP2CA—type 2 diabetes mellitus	3.8e-06	4.03e-05	CbGpPWpGaD
Ketoprofen—ALB—Platelet activation, signaling and aggregation—AKT1—type 2 diabetes mellitus	3.79e-06	4.02e-05	CbGpPWpGaD
Ketoprofen—CYP2C9—Metabolism—CPT1A—type 2 diabetes mellitus	3.78e-06	4.01e-05	CbGpPWpGaD
Ketoprofen—CYP2C9—Metabolism—MTR—type 2 diabetes mellitus	3.78e-06	4.01e-05	CbGpPWpGaD
Ketoprofen—PTGS1—Metabolism—PPARA—type 2 diabetes mellitus	3.77e-06	4e-05	CbGpPWpGaD
Ketoprofen—PTGS2—Disease—CCR5—type 2 diabetes mellitus	3.73e-06	3.96e-05	CbGpPWpGaD
Ketoprofen—PTGS2—Metabolism—GNB3—type 2 diabetes mellitus	3.72e-06	3.95e-05	CbGpPWpGaD
Ketoprofen—PTGS2—Metabolism—PPARGC1A—type 2 diabetes mellitus	3.72e-06	3.95e-05	CbGpPWpGaD
Ketoprofen—CYP2C8—Metabolism—CYP2E1—type 2 diabetes mellitus	3.71e-06	3.94e-05	CbGpPWpGaD
Ketoprofen—PTGS2—Metabolism—HMOX1—type 2 diabetes mellitus	3.71e-06	3.93e-05	CbGpPWpGaD
Ketoprofen—CYP2C9—Metabolism—NAMPT—type 2 diabetes mellitus	3.7e-06	3.93e-05	CbGpPWpGaD
Ketoprofen—ALB—Metabolism—CYP2E1—type 2 diabetes mellitus	3.69e-06	3.91e-05	CbGpPWpGaD
Ketoprofen—SLCO1A2—Metabolism—ALB—type 2 diabetes mellitus	3.69e-06	3.91e-05	CbGpPWpGaD
Ketoprofen—CYP2C9—Metabolism of lipids and lipoproteins—PPARG—type 2 diabetes mellitus	3.68e-06	3.91e-05	CbGpPWpGaD
Ketoprofen—CYP2C9—Metabolism—LIPC—type 2 diabetes mellitus	3.68e-06	3.9e-05	CbGpPWpGaD
Ketoprofen—CYP2C9—Metabolism—HBA1—type 2 diabetes mellitus	3.68e-06	3.9e-05	CbGpPWpGaD
Ketoprofen—CYP2C9—Metabolism—GCK—type 2 diabetes mellitus	3.68e-06	3.9e-05	CbGpPWpGaD
Ketoprofen—CYP2C8—Metabolism—CYP1A2—type 2 diabetes mellitus	3.67e-06	3.89e-05	CbGpPWpGaD
Ketoprofen—CYP2C8—Metabolism—SLC2A1—type 2 diabetes mellitus	3.67e-06	3.89e-05	CbGpPWpGaD
Ketoprofen—PTGS2—Metabolism—CAT—type 2 diabetes mellitus	3.66e-06	3.88e-05	CbGpPWpGaD
Ketoprofen—CYP2C9—Metabolism—CYP11A1—type 2 diabetes mellitus	3.66e-06	3.88e-05	CbGpPWpGaD
Ketoprofen—PTGS1—Metabolism—AGT—type 2 diabetes mellitus	3.65e-06	3.88e-05	CbGpPWpGaD
Ketoprofen—ALB—Metabolism—CYP1A2—type 2 diabetes mellitus	3.65e-06	3.87e-05	CbGpPWpGaD
Ketoprofen—ALB—Metabolism—SLC2A1—type 2 diabetes mellitus	3.65e-06	3.87e-05	CbGpPWpGaD
Ketoprofen—PTGS2—Disease—MTHFR—type 2 diabetes mellitus	3.65e-06	3.87e-05	CbGpPWpGaD
Ketoprofen—PTGS1—Metabolism—CALM1—type 2 diabetes mellitus	3.59e-06	3.81e-05	CbGpPWpGaD
Ketoprofen—CYP2C9—Metabolism—SLC9A1—type 2 diabetes mellitus	3.59e-06	3.81e-05	CbGpPWpGaD
Ketoprofen—PTGS1—Metabolism—APOE—type 2 diabetes mellitus	3.58e-06	3.8e-05	CbGpPWpGaD
Ketoprofen—CYP2C8—Metabolism—CYP3A4—type 2 diabetes mellitus	3.58e-06	3.79e-05	CbGpPWpGaD
Ketoprofen—CYP2C8—Metabolism of lipids and lipoproteins—PTGS2—type 2 diabetes mellitus	3.56e-06	3.78e-05	CbGpPWpGaD
Ketoprofen—ALB—Metabolism—CYP3A4—type 2 diabetes mellitus	3.56e-06	3.77e-05	CbGpPWpGaD
Ketoprofen—PTGS2—Metabolism—APOB—type 2 diabetes mellitus	3.55e-06	3.77e-05	CbGpPWpGaD
Ketoprofen—CYP2C9—Metabolism—CETP—type 2 diabetes mellitus	3.55e-06	3.77e-05	CbGpPWpGaD
Ketoprofen—PTGS1—Metabolism—APOA1—type 2 diabetes mellitus	3.54e-06	3.76e-05	CbGpPWpGaD
Ketoprofen—ALB—Metabolism of lipids and lipoproteins—PTGS2—type 2 diabetes mellitus	3.54e-06	3.75e-05	CbGpPWpGaD
Ketoprofen—SLCO1A2—Metabolism—PIK3R1—type 2 diabetes mellitus	3.53e-06	3.74e-05	CbGpPWpGaD
Ketoprofen—SLCO1A2—Metabolism—NOS3—type 2 diabetes mellitus	3.53e-06	3.74e-05	CbGpPWpGaD
Ketoprofen—CYP2C8—Metabolism—GCG—type 2 diabetes mellitus	3.52e-06	3.73e-05	CbGpPWpGaD
Ketoprofen—CYP2C8—Metabolism—SLC2A4—type 2 diabetes mellitus	3.52e-06	3.73e-05	CbGpPWpGaD
Ketoprofen—ALB—Metabolism—SLC2A4—type 2 diabetes mellitus	3.5e-06	3.71e-05	CbGpPWpGaD
Ketoprofen—ALB—Metabolism—GCG—type 2 diabetes mellitus	3.5e-06	3.71e-05	CbGpPWpGaD
Ketoprofen—CXCL8—GPCR downstream signaling—AKT1—type 2 diabetes mellitus	3.48e-06	3.7e-05	CbGpPWpGaD
Ketoprofen—PTGS2—Disease—HIF1A—type 2 diabetes mellitus	3.48e-06	3.69e-05	CbGpPWpGaD
Ketoprofen—PTGS2—Disease—IRS2—type 2 diabetes mellitus	3.47e-06	3.68e-05	CbGpPWpGaD
Ketoprofen—PTGS2—Metabolism—GSTM1—type 2 diabetes mellitus	3.46e-06	3.67e-05	CbGpPWpGaD
Ketoprofen—CXCL8—Signaling Pathways—CASP3—type 2 diabetes mellitus	3.45e-06	3.66e-05	CbGpPWpGaD
Ketoprofen—CXCL8—Signaling by GPCR—IL6—type 2 diabetes mellitus	3.43e-06	3.64e-05	CbGpPWpGaD
Ketoprofen—PTGS2—Disease—CALM1—type 2 diabetes mellitus	3.41e-06	3.61e-05	CbGpPWpGaD
Ketoprofen—PTGS2—Disease—APOE—type 2 diabetes mellitus	3.39e-06	3.6e-05	CbGpPWpGaD
Ketoprofen—PTGS2—Metabolism—LPL—type 2 diabetes mellitus	3.39e-06	3.6e-05	CbGpPWpGaD
Ketoprofen—PTGS2—Disease—APOA1—type 2 diabetes mellitus	3.36e-06	3.56e-05	CbGpPWpGaD
Ketoprofen—PTGS2—Metabolism—ADCY5—type 2 diabetes mellitus	3.32e-06	3.52e-05	CbGpPWpGaD
Ketoprofen—CYP2C9—Metabolism of lipids and lipoproteins—ALB—type 2 diabetes mellitus	3.31e-06	3.51e-05	CbGpPWpGaD
Ketoprofen—PTGS2—Metabolism—GPX1—type 2 diabetes mellitus	3.31e-06	3.51e-05	CbGpPWpGaD
Ketoprofen—CYP2C9—Metabolism—PSMD6—type 2 diabetes mellitus	3.3e-06	3.5e-05	CbGpPWpGaD
Ketoprofen—CYP2C9—Metabolism—SNAP25—type 2 diabetes mellitus	3.3e-06	3.5e-05	CbGpPWpGaD
Ketoprofen—CYP2C9—Metabolism—SREBF1—type 2 diabetes mellitus	3.3e-06	3.5e-05	CbGpPWpGaD
Ketoprofen—CXCL8—Signaling Pathways—MMP9—type 2 diabetes mellitus	3.26e-06	3.46e-05	CbGpPWpGaD
Ketoprofen—CYP2C9—Metabolism—CTGF—type 2 diabetes mellitus	3.24e-06	3.44e-05	CbGpPWpGaD
Ketoprofen—CXCL8—Signaling Pathways—NFKB1—type 2 diabetes mellitus	3.23e-06	3.42e-05	CbGpPWpGaD
Ketoprofen—SLCO1A2—Metabolism—PTGS2—type 2 diabetes mellitus	3.23e-06	3.42e-05	CbGpPWpGaD
Ketoprofen—PTGS2—Metabolism—CD36—type 2 diabetes mellitus	3.22e-06	3.42e-05	CbGpPWpGaD
Ketoprofen—CYP2C9—Metabolism—HMGCR—type 2 diabetes mellitus	3.21e-06	3.41e-05	CbGpPWpGaD
Ketoprofen—PTGS2—Metabolism—PPP2CA—type 2 diabetes mellitus	3.18e-06	3.38e-05	CbGpPWpGaD
Ketoprofen—CYP2C9—Metabolism of lipids and lipoproteins—PIK3R1—type 2 diabetes mellitus	3.17e-06	3.36e-05	CbGpPWpGaD
Ketoprofen—CXCL8—Signaling by GPCR—AKT1—type 2 diabetes mellitus	3.16e-06	3.36e-05	CbGpPWpGaD
Ketoprofen—PTGS2—Disease—NOS2—type 2 diabetes mellitus	3.16e-06	3.36e-05	CbGpPWpGaD
Ketoprofen—ALB—Hemostasis—SRC—type 2 diabetes mellitus	3.14e-06	3.33e-05	CbGpPWpGaD
Ketoprofen—CYP2C9—Metabolism—ADRA2A—type 2 diabetes mellitus	3.14e-06	3.33e-05	CbGpPWpGaD
Ketoprofen—PTGS1—Metabolism—PPARG—type 2 diabetes mellitus	3.12e-06	3.31e-05	CbGpPWpGaD
Ketoprofen—ALB—Hemostasis—VEGFA—type 2 diabetes mellitus	3.06e-06	3.25e-05	CbGpPWpGaD
Ketoprofen—PTGS1—Metabolism—INS—type 2 diabetes mellitus	3.06e-06	3.25e-05	CbGpPWpGaD
Ketoprofen—PTGS2—Metabolism—MTHFR—type 2 diabetes mellitus	3.05e-06	3.24e-05	CbGpPWpGaD
Ketoprofen—CYP2C8—Metabolism—PPARGC1A—type 2 diabetes mellitus	3.03e-06	3.22e-05	CbGpPWpGaD
Ketoprofen—CYP2C8—Metabolism—GNB3—type 2 diabetes mellitus	3.03e-06	3.22e-05	CbGpPWpGaD
Ketoprofen—PTGS2—Disease—IRS1—type 2 diabetes mellitus	3.03e-06	3.21e-05	CbGpPWpGaD
Ketoprofen—CYP2C9—Metabolism—CYP2E1—type 2 diabetes mellitus	3.02e-06	3.2e-05	CbGpPWpGaD
Ketoprofen—CYP2C8—Metabolism—HMOX1—type 2 diabetes mellitus	3.02e-06	3.2e-05	CbGpPWpGaD
Ketoprofen—ALB—Metabolism—GNB3—type 2 diabetes mellitus	3.01e-06	3.2e-05	CbGpPWpGaD
Ketoprofen—ALB—Metabolism—PPARGC1A—type 2 diabetes mellitus	3.01e-06	3.2e-05	CbGpPWpGaD
Ketoprofen—CXCL8—Signaling Pathways—SRC—type 2 diabetes mellitus	3.01e-06	3.19e-05	CbGpPWpGaD
Ketoprofen—ALB—Metabolism—HMOX1—type 2 diabetes mellitus	3e-06	3.18e-05	CbGpPWpGaD
Ketoprofen—PTGS2—Metabolism—PPARA—type 2 diabetes mellitus	3e-06	3.18e-05	CbGpPWpGaD
Ketoprofen—CYP2C9—Metabolism—CYP1A2—type 2 diabetes mellitus	2.99e-06	3.17e-05	CbGpPWpGaD
Ketoprofen—CYP2C9—Metabolism—SLC2A1—type 2 diabetes mellitus	2.99e-06	3.17e-05	CbGpPWpGaD
Ketoprofen—CYP2C8—Metabolism—CAT—type 2 diabetes mellitus	2.98e-06	3.16e-05	CbGpPWpGaD
Ketoprofen—ALB—Metabolism—CAT—type 2 diabetes mellitus	2.96e-06	3.14e-05	CbGpPWpGaD
Ketoprofen—CXCL8—Signaling Pathways—VEGFA—type 2 diabetes mellitus	2.93e-06	3.11e-05	CbGpPWpGaD
Ketoprofen—CYP2C9—Metabolism—CYP3A4—type 2 diabetes mellitus	2.91e-06	3.09e-05	CbGpPWpGaD
Ketoprofen—PTGS2—Metabolism—AGT—type 2 diabetes mellitus	2.9e-06	3.08e-05	CbGpPWpGaD
Ketoprofen—PTGS2—Disease—INS—type 2 diabetes mellitus	2.9e-06	3.08e-05	CbGpPWpGaD
Ketoprofen—CYP2C9—Metabolism of lipids and lipoproteins—PTGS2—type 2 diabetes mellitus	2.9e-06	3.07e-05	CbGpPWpGaD
Ketoprofen—CYP2C8—Metabolism—APOB—type 2 diabetes mellitus	2.89e-06	3.07e-05	CbGpPWpGaD
Ketoprofen—ALB—Metabolism—APOB—type 2 diabetes mellitus	2.87e-06	3.05e-05	CbGpPWpGaD
Ketoprofen—CYP2C9—Metabolism—GCG—type 2 diabetes mellitus	2.86e-06	3.04e-05	CbGpPWpGaD
Ketoprofen—CYP2C9—Metabolism—SLC2A4—type 2 diabetes mellitus	2.86e-06	3.04e-05	CbGpPWpGaD
Ketoprofen—PTGS2—Metabolism—CALM1—type 2 diabetes mellitus	2.85e-06	3.03e-05	CbGpPWpGaD
Ketoprofen—PTGS2—Metabolism—APOE—type 2 diabetes mellitus	2.84e-06	3.02e-05	CbGpPWpGaD
Ketoprofen—CYP2C8—Metabolism—GSTM1—type 2 diabetes mellitus	2.81e-06	2.98e-05	CbGpPWpGaD
Ketoprofen—PTGS2—Metabolism—APOA1—type 2 diabetes mellitus	2.81e-06	2.98e-05	CbGpPWpGaD
Ketoprofen—ALB—Hemostasis—TGFB1—type 2 diabetes mellitus	2.81e-06	2.98e-05	CbGpPWpGaD
Ketoprofen—PTGS1—Metabolism—ALB—type 2 diabetes mellitus	2.8e-06	2.98e-05	CbGpPWpGaD
Ketoprofen—PTGS2—Disease—AKT2—type 2 diabetes mellitus	2.8e-06	2.97e-05	CbGpPWpGaD
Ketoprofen—ALB—Metabolism—GSTM1—type 2 diabetes mellitus	2.8e-06	2.97e-05	CbGpPWpGaD
Ketoprofen—CYP2C8—Metabolism—LPL—type 2 diabetes mellitus	2.76e-06	2.93e-05	CbGpPWpGaD
Ketoprofen—ALB—Metabolism—LPL—type 2 diabetes mellitus	2.74e-06	2.91e-05	CbGpPWpGaD
Ketoprofen—CYP2C8—Metabolism—ADCY5—type 2 diabetes mellitus	2.7e-06	2.87e-05	CbGpPWpGaD
Ketoprofen—CYP2C8—Metabolism—GPX1—type 2 diabetes mellitus	2.69e-06	2.86e-05	CbGpPWpGaD
Ketoprofen—CXCL8—Signaling Pathways—TGFB1—type 2 diabetes mellitus	2.69e-06	2.85e-05	CbGpPWpGaD
Ketoprofen—ALB—Metabolism—ADCY5—type 2 diabetes mellitus	2.69e-06	2.85e-05	CbGpPWpGaD
Ketoprofen—PTGS1—Metabolism—PIK3R1—type 2 diabetes mellitus	2.68e-06	2.85e-05	CbGpPWpGaD
Ketoprofen—PTGS1—Metabolism—NOS3—type 2 diabetes mellitus	2.68e-06	2.85e-05	CbGpPWpGaD
Ketoprofen—ALB—Metabolism—GPX1—type 2 diabetes mellitus	2.68e-06	2.84e-05	CbGpPWpGaD
Ketoprofen—PTGS2—Disease—SERPINE1—type 2 diabetes mellitus	2.66e-06	2.83e-05	CbGpPWpGaD
Ketoprofen—CXCL8—Signaling Pathways—EGFR—type 2 diabetes mellitus	2.64e-06	2.8e-05	CbGpPWpGaD
Ketoprofen—CYP2C8—Metabolism—CD36—type 2 diabetes mellitus	2.62e-06	2.78e-05	CbGpPWpGaD
Ketoprofen—ALB—Metabolism—CD36—type 2 diabetes mellitus	2.61e-06	2.77e-05	CbGpPWpGaD
Ketoprofen—CYP2C8—Metabolism—PPP2CA—type 2 diabetes mellitus	2.59e-06	2.75e-05	CbGpPWpGaD
Ketoprofen—ALB—Metabolism—PPP2CA—type 2 diabetes mellitus	2.57e-06	2.73e-05	CbGpPWpGaD
Ketoprofen—PTGS2—Disease—PIK3R1—type 2 diabetes mellitus	2.54e-06	2.7e-05	CbGpPWpGaD
Ketoprofen—PTGS2—Disease—NOS3—type 2 diabetes mellitus	2.54e-06	2.7e-05	CbGpPWpGaD
Ketoprofen—CYP2C8—Metabolism—MTHFR—type 2 diabetes mellitus	2.48e-06	2.64e-05	CbGpPWpGaD
Ketoprofen—PTGS2—Metabolism—PPARG—type 2 diabetes mellitus	2.48e-06	2.63e-05	CbGpPWpGaD
Ketoprofen—ALB—Metabolism—MTHFR—type 2 diabetes mellitus	2.47e-06	2.62e-05	CbGpPWpGaD
Ketoprofen—CYP2C9—Metabolism—GNB3—type 2 diabetes mellitus	2.47e-06	2.62e-05	CbGpPWpGaD
Ketoprofen—CYP2C9—Metabolism—PPARGC1A—type 2 diabetes mellitus	2.47e-06	2.62e-05	CbGpPWpGaD
Ketoprofen—CYP2C9—Metabolism—HMOX1—type 2 diabetes mellitus	2.46e-06	2.61e-05	CbGpPWpGaD
Ketoprofen—PTGS1—Metabolism—PTGS2—type 2 diabetes mellitus	2.45e-06	2.6e-05	CbGpPWpGaD
Ketoprofen—CYP2C8—Metabolism—PPARA—type 2 diabetes mellitus	2.44e-06	2.59e-05	CbGpPWpGaD
Ketoprofen—PTGS2—Metabolism—INS—type 2 diabetes mellitus	2.43e-06	2.58e-05	CbGpPWpGaD
Ketoprofen—ALB—Metabolism—PPARA—type 2 diabetes mellitus	2.42e-06	2.57e-05	CbGpPWpGaD
Ketoprofen—CYP2C9—Metabolism—CAT—type 2 diabetes mellitus	2.42e-06	2.57e-05	CbGpPWpGaD
Ketoprofen—CYP2C8—Metabolism—AGT—type 2 diabetes mellitus	2.36e-06	2.5e-05	CbGpPWpGaD
Ketoprofen—CYP2C9—Metabolism—APOB—type 2 diabetes mellitus	2.35e-06	2.5e-05	CbGpPWpGaD
Ketoprofen—ALB—Metabolism—AGT—type 2 diabetes mellitus	2.35e-06	2.49e-05	CbGpPWpGaD
Ketoprofen—CYP2C8—Metabolism—CALM1—type 2 diabetes mellitus	2.32e-06	2.46e-05	CbGpPWpGaD
Ketoprofen—CYP2C8—Metabolism—APOE—type 2 diabetes mellitus	2.31e-06	2.45e-05	CbGpPWpGaD
Ketoprofen—ALB—Metabolism—CALM1—type 2 diabetes mellitus	2.31e-06	2.45e-05	CbGpPWpGaD
Ketoprofen—ALB—Metabolism—APOE—type 2 diabetes mellitus	2.3e-06	2.44e-05	CbGpPWpGaD
Ketoprofen—CYP2C9—Metabolism—GSTM1—type 2 diabetes mellitus	2.29e-06	2.43e-05	CbGpPWpGaD
Ketoprofen—CYP2C8—Metabolism—APOA1—type 2 diabetes mellitus	2.29e-06	2.43e-05	CbGpPWpGaD
Ketoprofen—ALB—Metabolism—APOA1—type 2 diabetes mellitus	2.27e-06	2.41e-05	CbGpPWpGaD
Ketoprofen—CYP2C9—Metabolism—LPL—type 2 diabetes mellitus	2.25e-06	2.38e-05	CbGpPWpGaD
Ketoprofen—PTGS2—Metabolism—ALB—type 2 diabetes mellitus	2.23e-06	2.36e-05	CbGpPWpGaD
Ketoprofen—CYP2C9—Metabolism—ADCY5—type 2 diabetes mellitus	2.2e-06	2.33e-05	CbGpPWpGaD
Ketoprofen—CYP2C9—Metabolism—GPX1—type 2 diabetes mellitus	2.19e-06	2.32e-05	CbGpPWpGaD
Ketoprofen—CYP2C9—Metabolism—CD36—type 2 diabetes mellitus	2.13e-06	2.26e-05	CbGpPWpGaD
Ketoprofen—PTGS2—Metabolism—PIK3R1—type 2 diabetes mellitus	2.13e-06	2.26e-05	CbGpPWpGaD
Ketoprofen—PTGS2—Metabolism—NOS3—type 2 diabetes mellitus	2.13e-06	2.26e-05	CbGpPWpGaD
Ketoprofen—CYP2C9—Metabolism—PPP2CA—type 2 diabetes mellitus	2.11e-06	2.24e-05	CbGpPWpGaD
Ketoprofen—CXCL8—Signaling Pathways—IL6—type 2 diabetes mellitus	2.03e-06	2.15e-05	CbGpPWpGaD
Ketoprofen—CYP2C9—Metabolism—MTHFR—type 2 diabetes mellitus	2.02e-06	2.15e-05	CbGpPWpGaD
Ketoprofen—CYP2C8—Metabolism—PPARG—type 2 diabetes mellitus	2.01e-06	2.14e-05	CbGpPWpGaD
Ketoprofen—ALB—Metabolism—PPARG—type 2 diabetes mellitus	2e-06	2.13e-05	CbGpPWpGaD
Ketoprofen—CYP2C9—Metabolism—PPARA—type 2 diabetes mellitus	1.98e-06	2.1e-05	CbGpPWpGaD
Ketoprofen—CYP2C8—Metabolism—INS—type 2 diabetes mellitus	1.98e-06	2.1e-05	CbGpPWpGaD
Ketoprofen—ALB—Metabolism—INS—type 2 diabetes mellitus	1.96e-06	2.08e-05	CbGpPWpGaD
Ketoprofen—ALB—Hemostasis—AKT1—type 2 diabetes mellitus	1.95e-06	2.07e-05	CbGpPWpGaD
Ketoprofen—CYP2C9—Metabolism—AGT—type 2 diabetes mellitus	1.92e-06	2.04e-05	CbGpPWpGaD
Ketoprofen—CYP2C9—Metabolism—CALM1—type 2 diabetes mellitus	1.89e-06	2e-05	CbGpPWpGaD
Ketoprofen—CYP2C9—Metabolism—APOE—type 2 diabetes mellitus	1.88e-06	2e-05	CbGpPWpGaD
Ketoprofen—PTGS2—Disease—SRC—type 2 diabetes mellitus	1.88e-06	2e-05	CbGpPWpGaD
Ketoprofen—CXCL8—Signaling Pathways—AKT1—type 2 diabetes mellitus	1.87e-06	1.98e-05	CbGpPWpGaD
Ketoprofen—CYP2C9—Metabolism—APOA1—type 2 diabetes mellitus	1.86e-06	1.97e-05	CbGpPWpGaD
Ketoprofen—CYP2C8—Metabolism—ALB—type 2 diabetes mellitus	1.81e-06	1.92e-05	CbGpPWpGaD
Ketoprofen—CYP2C8—Metabolism—PIK3R1—type 2 diabetes mellitus	1.73e-06	1.84e-05	CbGpPWpGaD
Ketoprofen—CYP2C8—Metabolism—NOS3—type 2 diabetes mellitus	1.73e-06	1.84e-05	CbGpPWpGaD
Ketoprofen—ALB—Metabolism—PIK3R1—type 2 diabetes mellitus	1.72e-06	1.83e-05	CbGpPWpGaD
Ketoprofen—ALB—Metabolism—NOS3—type 2 diabetes mellitus	1.72e-06	1.83e-05	CbGpPWpGaD
Ketoprofen—PTGS2—Disease—TGFB1—type 2 diabetes mellitus	1.68e-06	1.78e-05	CbGpPWpGaD
Ketoprofen—PTGS2—Disease—EGFR—type 2 diabetes mellitus	1.65e-06	1.75e-05	CbGpPWpGaD
Ketoprofen—CYP2C9—Metabolism—PPARG—type 2 diabetes mellitus	1.64e-06	1.74e-05	CbGpPWpGaD
Ketoprofen—SLCO1A2—Metabolism—AKT1—type 2 diabetes mellitus	1.62e-06	1.72e-05	CbGpPWpGaD
Ketoprofen—CYP2C9—Metabolism—INS—type 2 diabetes mellitus	1.61e-06	1.71e-05	CbGpPWpGaD
Ketoprofen—CYP2C8—Metabolism—PTGS2—type 2 diabetes mellitus	1.58e-06	1.68e-05	CbGpPWpGaD
Ketoprofen—ALB—Metabolism—PTGS2—type 2 diabetes mellitus	1.58e-06	1.67e-05	CbGpPWpGaD
Ketoprofen—CYP2C9—Metabolism—ALB—type 2 diabetes mellitus	1.47e-06	1.56e-05	CbGpPWpGaD
Ketoprofen—CYP2C9—Metabolism—PIK3R1—type 2 diabetes mellitus	1.41e-06	1.5e-05	CbGpPWpGaD
Ketoprofen—CYP2C9—Metabolism—NOS3—type 2 diabetes mellitus	1.41e-06	1.5e-05	CbGpPWpGaD
Ketoprofen—CYP2C9—Metabolism—PTGS2—type 2 diabetes mellitus	1.29e-06	1.37e-05	CbGpPWpGaD
Ketoprofen—PTGS2—Disease—IL6—type 2 diabetes mellitus	1.27e-06	1.34e-05	CbGpPWpGaD
Ketoprofen—PTGS1—Metabolism—AKT1—type 2 diabetes mellitus	1.23e-06	1.31e-05	CbGpPWpGaD
Ketoprofen—PTGS2—Disease—AKT1—type 2 diabetes mellitus	1.17e-06	1.24e-05	CbGpPWpGaD
Ketoprofen—PTGS2—Metabolism—AKT1—type 2 diabetes mellitus	9.79e-07	1.04e-05	CbGpPWpGaD
Ketoprofen—CYP2C8—Metabolism—AKT1—type 2 diabetes mellitus	7.97e-07	8.45e-06	CbGpPWpGaD
Ketoprofen—ALB—Metabolism—AKT1—type 2 diabetes mellitus	7.92e-07	8.4e-06	CbGpPWpGaD
Ketoprofen—CYP2C9—Metabolism—AKT1—type 2 diabetes mellitus	6.48e-07	6.88e-06	CbGpPWpGaD
