nodes	percent_of_prediction	percent_of_DWPC	metapath
Fludiazepam—GABRG1—alcohol dependence	0.265	0.447	CbGaD
Fludiazepam—GABRB1—alcohol dependence	0.195	0.329	CbGaD
Fludiazepam—GABRA2—alcohol dependence	0.133	0.224	CbGaD
Fludiazepam—GABRB3—Acamprosate—alcohol dependence	0.105	0.381	CbGbCtD
Fludiazepam—GABRG2—Acamprosate—alcohol dependence	0.0932	0.338	CbGbCtD
Fludiazepam—GABRA1—Acamprosate—alcohol dependence	0.0775	0.281	CbGbCtD
Fludiazepam—GABRR3—nerve—alcohol dependence	0.00269	0.0679	CbGeAlD
Fludiazepam—GABRR2—nerve—alcohol dependence	0.00233	0.0589	CbGeAlD
Fludiazepam—GABRR1—nerve—alcohol dependence	0.00224	0.0567	CbGeAlD
Fludiazepam—GABRR1—forebrain—alcohol dependence	0.000928	0.0235	CbGeAlD
Fludiazepam—GABRD—forebrain—alcohol dependence	0.000807	0.0204	CbGeAlD
Fludiazepam—GABRG1—forebrain—alcohol dependence	0.000777	0.0196	CbGeAlD
Fludiazepam—GABRA5—forebrain—alcohol dependence	0.000749	0.0189	CbGeAlD
Fludiazepam—GABRR3—nervous system—alcohol dependence	0.000604	0.0153	CbGeAlD
Fludiazepam—GABRB2—brainstem—alcohol dependence	0.000589	0.0149	CbGeAlD
Fludiazepam—GABRG2—forebrain—alcohol dependence	0.000568	0.0144	CbGeAlD
Fludiazepam—GABRB2—forebrain—alcohol dependence	0.000568	0.0144	CbGeAlD
Fludiazepam—GABRG3—testis—alcohol dependence	0.000539	0.0136	CbGeAlD
Fludiazepam—GABRA2—brainstem—alcohol dependence	0.000538	0.0136	CbGeAlD
Fludiazepam—GABRD—midbrain—alcohol dependence	0.000533	0.0135	CbGeAlD
Fludiazepam—GABRG3—nervous system—alcohol dependence	0.000529	0.0134	CbGeAlD
Fludiazepam—GABRR2—nervous system—alcohol dependence	0.000524	0.0132	CbGeAlD
Fludiazepam—GABRA1—brainstem—alcohol dependence	0.00052	0.0132	CbGeAlD
Fludiazepam—GABRA2—forebrain—alcohol dependence	0.000519	0.0131	CbGeAlD
Fludiazepam—GABRR1—testis—alcohol dependence	0.000514	0.013	CbGeAlD
Fludiazepam—GABRG1—midbrain—alcohol dependence	0.000513	0.013	CbGeAlD
Fludiazepam—GABRG3—central nervous system—alcohol dependence	0.000509	0.0129	CbGeAlD
Fludiazepam—GABRR1—nervous system—alcohol dependence	0.000504	0.0127	CbGeAlD
Fludiazepam—GABRA1—forebrain—alcohol dependence	0.000502	0.0127	CbGeAlD
Fludiazepam—GABRB1—midbrain—alcohol dependence	0.000497	0.0126	CbGeAlD
Fludiazepam—GABRR2—cerebellum—alcohol dependence	0.000493	0.0125	CbGeAlD
Fludiazepam—GABRR1—central nervous system—alcohol dependence	0.000485	0.0123	CbGeAlD
Fludiazepam—GABRD—testis—alcohol dependence	0.000446	0.0113	CbGeAlD
Fludiazepam—GABRD—nervous system—alcohol dependence	0.000438	0.0111	CbGeAlD
Fludiazepam—GABRB3—forebrain—alcohol dependence	0.000437	0.011	CbGeAlD
Fludiazepam—GABRD—central nervous system—alcohol dependence	0.000422	0.0107	CbGeAlD
Fludiazepam—GABRG1—nervous system—alcohol dependence	0.000422	0.0107	CbGeAlD
Fludiazepam—GABRA5—testis—alcohol dependence	0.000414	0.0105	CbGeAlD
Fludiazepam—GABRD—cerebellum—alcohol dependence	0.000412	0.0104	CbGeAlD
Fludiazepam—GABRB1—nervous system—alcohol dependence	0.000409	0.0103	CbGeAlD
Fludiazepam—GABRA5—nervous system—alcohol dependence	0.000407	0.0103	CbGeAlD
Fludiazepam—GABRG1—central nervous system—alcohol dependence	0.000406	0.0103	CbGeAlD
Fludiazepam—GABRA3—endocrine gland—alcohol dependence	0.000404	0.0102	CbGeAlD
Fludiazepam—GABRG3—brain—alcohol dependence	0.000404	0.0102	CbGeAlD
Fludiazepam—GABRG1—cerebellum—alcohol dependence	0.000397	0.01	CbGeAlD
Fludiazepam—GABRB1—central nervous system—alcohol dependence	0.000394	0.00995	CbGeAlD
Fludiazepam—GABRA5—central nervous system—alcohol dependence	0.000392	0.0099	CbGeAlD
Fludiazepam—GABRA3—testis—alcohol dependence	0.000386	0.00975	CbGeAlD
Fludiazepam—GABRR1—brain—alcohol dependence	0.000385	0.00974	CbGeAlD
Fludiazepam—GABRB1—cerebellum—alcohol dependence	0.000385	0.00973	CbGeAlD
Fludiazepam—GABRA3—nervous system—alcohol dependence	0.000379	0.00957	CbGeAlD
Fludiazepam—GABRB2—midbrain—alcohol dependence	0.000375	0.00949	CbGeAlD
Fludiazepam—GABRG2—midbrain—alcohol dependence	0.000375	0.00949	CbGeAlD
Fludiazepam—GABRA3—central nervous system—alcohol dependence	0.000364	0.00922	CbGeAlD
Fludiazepam—GABRB3—pancreas—alcohol dependence	0.000359	0.00907	CbGeAlD
Fludiazepam—GABRB3—gonad—alcohol dependence	0.000335	0.00847	CbGeAlD
Fludiazepam—GABRD—brain—alcohol dependence	0.000335	0.00847	CbGeAlD
Fludiazepam—GABRA1—midbrain—alcohol dependence	0.000331	0.00838	CbGeAlD
Fludiazepam—GABRG1—brain—alcohol dependence	0.000322	0.00815	CbGeAlD
Fludiazepam—GABRB2—testis—alcohol dependence	0.000314	0.00795	CbGeAlD
Fludiazepam—GABRB1—brain—alcohol dependence	0.000312	0.0079	CbGeAlD
Fludiazepam—GABRA5—brain—alcohol dependence	0.000311	0.00786	CbGeAlD
Fludiazepam—GABRB2—nervous system—alcohol dependence	0.000309	0.0078	CbGeAlD
Fludiazepam—GABRG2—nervous system—alcohol dependence	0.000309	0.0078	CbGeAlD
Fludiazepam—GABRG2—central nervous system—alcohol dependence	0.000297	0.00751	CbGeAlD
Fludiazepam—GABRB2—central nervous system—alcohol dependence	0.000297	0.00751	CbGeAlD
Fludiazepam—GABRB2—cerebellum—alcohol dependence	0.00029	0.00734	CbGeAlD
Fludiazepam—GABRG2—cerebellum—alcohol dependence	0.00029	0.00734	CbGeAlD
Fludiazepam—GABRA3—brain—alcohol dependence	0.000289	0.00732	CbGeAlD
Fludiazepam—GABRB3—midbrain—alcohol dependence	0.000288	0.00729	CbGeAlD
Fludiazepam—GABRE—testis—alcohol dependence	0.000285	0.0072	CbGeAlD
Fludiazepam—GABRA2—nervous system—alcohol dependence	0.000282	0.00713	CbGeAlD
Fludiazepam—GABRE—nervous system—alcohol dependence	0.00028	0.00707	CbGeAlD
Fludiazepam—GABRA1—nervous system—alcohol dependence	0.000272	0.00689	CbGeAlD
Fludiazepam—GABRA2—central nervous system—alcohol dependence	0.000271	0.00686	CbGeAlD
Fludiazepam—GABRE—central nervous system—alcohol dependence	0.000269	0.00681	CbGeAlD
Fludiazepam—GABRA2—cerebellum—alcohol dependence	0.000265	0.00671	CbGeAlD
Fludiazepam—GABRA1—central nervous system—alcohol dependence	0.000262	0.00663	CbGeAlD
Fludiazepam—GABRA1—cerebellum—alcohol dependence	0.000256	0.00648	CbGeAlD
Fludiazepam—GABRB3—endocrine gland—alcohol dependence	0.000253	0.0064	CbGeAlD
Fludiazepam—GABRB3—testis—alcohol dependence	0.000241	0.00611	CbGeAlD
Fludiazepam—GABRB3—nervous system—alcohol dependence	0.000237	0.00599	CbGeAlD
Fludiazepam—GABRG2—brain—alcohol dependence	0.000236	0.00596	CbGeAlD
Fludiazepam—GABRB2—brain—alcohol dependence	0.000236	0.00596	CbGeAlD
Fludiazepam—GABRG3—Neurotransmitter Receptor Binding And Downstream Transmission In The Postsynaptic Cell—GABRB1—alcohol dependence	0.000235	0.00276	CbGpPWpGaD
Fludiazepam—GABRB3—Orphan transporters—GABRB1—alcohol dependence	0.000234	0.00274	CbGpPWpGaD
Fludiazepam—GABRG2—Orphan transporters—GABRB1—alcohol dependence	0.00023	0.00269	CbGpPWpGaD
Fludiazepam—GABRB3—liver—alcohol dependence	0.000228	0.00577	CbGeAlD
Fludiazepam—GABRB3—central nervous system—alcohol dependence	0.000228	0.00577	CbGeAlD
Fludiazepam—GABRR2—Neuronal System—KCNJ6—alcohol dependence	0.000227	0.00267	CbGpPWpGaD
Fludiazepam—GABRR1—Ion channel transport—GABRA2—alcohol dependence	0.000226	0.00265	CbGpPWpGaD
Fludiazepam—GABRR1—Transmission across Chemical Synapses—GABRB1—alcohol dependence	0.000225	0.00264	CbGpPWpGaD
Fludiazepam—GABRB3—cerebellum—alcohol dependence	0.000223	0.00564	CbGeAlD
Fludiazepam—GABRA1—Neurotransmitter Receptor Binding And Downstream Transmission In The Postsynaptic Cell—KCNJ6—alcohol dependence	0.000219	0.00257	CbGpPWpGaD
Fludiazepam—GABRR2—Ion channel transport—GABRA2—alcohol dependence	0.000216	0.00253	CbGpPWpGaD
Fludiazepam—GABRA2—brain—alcohol dependence	0.000216	0.00545	CbGeAlD
Fludiazepam—GABRR2—Transmission across Chemical Synapses—GABRB1—alcohol dependence	0.000215	0.00252	CbGpPWpGaD
Fludiazepam—GABRE—brain—alcohol dependence	0.000214	0.0054	CbGeAlD
Fludiazepam—GABRB2—Orphan transporters—GABRA2—alcohol dependence	0.000213	0.0025	CbGpPWpGaD
Fludiazepam—Ketazolam—GABRG1—alcohol dependence	0.000212	0.0345	CrCbGaD
Fludiazepam—GABRG3—Ion channel transport—GABRB1—alcohol dependence	0.000209	0.00245	CbGpPWpGaD
Fludiazepam—GABRA1—brain—alcohol dependence	0.000208	0.00527	CbGeAlD
Fludiazepam—GABRA5—Orphan transporters—GABRA2—alcohol dependence	0.000207	0.00243	CbGpPWpGaD
Fludiazepam—GABRB2—Transmission across Chemical Synapses—KCNJ6—alcohol dependence	0.000206	0.00241	CbGpPWpGaD
Fludiazepam—GABRA3—Orphan transporters—GABRA2—alcohol dependence	0.000204	0.00239	CbGpPWpGaD
Fludiazepam—GABRA1—Orphan transporters—GABRB1—alcohol dependence	0.000201	0.00235	CbGpPWpGaD
Fludiazepam—GABRG3—Neurotransmitter Receptor Binding And Downstream Transmission In The Postsynaptic Cell—GABRA2—alcohol dependence	0.0002	0.00234	CbGpPWpGaD
Fludiazepam—GABRA5—Transmission across Chemical Synapses—KCNJ6—alcohol dependence	0.0002	0.00234	CbGpPWpGaD
Fludiazepam—GABRB3—Orphan transporters—GABRA2—alcohol dependence	0.000199	0.00233	CbGpPWpGaD
Fludiazepam—GABRB2—Neurotransmitter Receptor Binding And Downstream Transmission In The Postsynaptic Cell—GABRB1—alcohol dependence	0.000198	0.00232	CbGpPWpGaD
Fludiazepam—GABRB1—Neurotransmitter Receptor Binding And Downstream Transmission In The Postsynaptic Cell—GABRA2—alcohol dependence	0.000197	0.00231	CbGpPWpGaD
Fludiazepam—GABRA3—Transmission across Chemical Synapses—KCNJ6—alcohol dependence	0.000196	0.0023	CbGpPWpGaD
Fludiazepam—GABRG2—Orphan transporters—GABRA2—alcohol dependence	0.000195	0.00229	CbGpPWpGaD
Fludiazepam—GABRA2—Transmission across Chemical Synapses—KCNJ6—alcohol dependence	0.000193	0.00226	CbGpPWpGaD
Fludiazepam—GABRA5—Neurotransmitter Receptor Binding And Downstream Transmission In The Postsynaptic Cell—GABRB1—alcohol dependence	0.000192	0.00225	CbGpPWpGaD
Fludiazepam—GABRB3—Transmission across Chemical Synapses—KCNJ6—alcohol dependence	0.000192	0.00225	CbGpPWpGaD
Fludiazepam—GABRR1—Transmission across Chemical Synapses—GABRA2—alcohol dependence	0.000191	0.00224	CbGpPWpGaD
Fludiazepam—GABRA3—Neurotransmitter Receptor Binding And Downstream Transmission In The Postsynaptic Cell—GABRB1—alcohol dependence	0.000189	0.00221	CbGpPWpGaD
Fludiazepam—GABRG2—Transmission across Chemical Synapses—KCNJ6—alcohol dependence	0.000188	0.00221	CbGpPWpGaD
Fludiazepam—GABRG3—Neuronal System—KCNJ6—alcohol dependence	0.000187	0.0022	CbGpPWpGaD
Fludiazepam—GABRA2—Neurotransmitter Receptor Binding And Downstream Transmission In The Postsynaptic Cell—GABRB1—alcohol dependence	0.000186	0.00217	CbGpPWpGaD
Fludiazepam—GABRB1—Neuronal System—KCNJ6—alcohol dependence	0.000185	0.00216	CbGpPWpGaD
Fludiazepam—GABRB3—Neurotransmitter Receptor Binding And Downstream Transmission In The Postsynaptic Cell—GABRB1—alcohol dependence	0.000184	0.00216	CbGpPWpGaD
Fludiazepam—Bromazepam—GABRG1—alcohol dependence	0.000183	0.0297	CrCbGaD
Fludiazepam—GABRR2—Transmission across Chemical Synapses—GABRA2—alcohol dependence	0.000182	0.00214	CbGpPWpGaD
Fludiazepam—GABRB3—brain—alcohol dependence	0.000181	0.00458	CbGeAlD
Fludiazepam—GABRG2—Neurotransmitter Receptor Binding And Downstream Transmission In The Postsynaptic Cell—GABRB1—alcohol dependence	0.000181	0.00212	CbGpPWpGaD
Fludiazepam—GABRG3—Ion channel transport—GABRA2—alcohol dependence	0.000178	0.00209	CbGpPWpGaD
Fludiazepam—GABRG3—Transmission across Chemical Synapses—GABRB1—alcohol dependence	0.000177	0.00207	CbGpPWpGaD
Fludiazepam—GABRB2—Ion channel transport—GABRB1—alcohol dependence	0.000176	0.00206	CbGpPWpGaD
Fludiazepam—GABRB1—Ion channel transport—GABRA2—alcohol dependence	0.000175	0.00205	CbGpPWpGaD
Fludiazepam—GABRR1—Neuronal System—GABRB1—alcohol dependence	0.000172	0.00202	CbGpPWpGaD
Fludiazepam—GABRA5—Ion channel transport—GABRB1—alcohol dependence	0.000171	0.00201	CbGpPWpGaD
Fludiazepam—GABRA1—Orphan transporters—GABRA2—alcohol dependence	0.000171	0.002	CbGpPWpGaD
Fludiazepam—GABRB2—Neurotransmitter Receptor Binding And Downstream Transmission In The Postsynaptic Cell—GABRA2—alcohol dependence	0.000168	0.00197	CbGpPWpGaD
Fludiazepam—GABRA3—Ion channel transport—GABRB1—alcohol dependence	0.000168	0.00197	CbGpPWpGaD
Fludiazepam—GABRA2—Ion channel transport—GABRB1—alcohol dependence	0.000165	0.00194	CbGpPWpGaD
Fludiazepam—GABRA1—Transmission across Chemical Synapses—KCNJ6—alcohol dependence	0.000165	0.00193	CbGpPWpGaD
Fludiazepam—GABRR2—Neuronal System—GABRB1—alcohol dependence	0.000164	0.00193	CbGpPWpGaD
Fludiazepam—GABRB3—Ion channel transport—GABRB1—alcohol dependence	0.000164	0.00192	CbGpPWpGaD
Fludiazepam—GABRA5—Neurotransmitter Receptor Binding And Downstream Transmission In The Postsynaptic Cell—GABRA2—alcohol dependence	0.000163	0.00192	CbGpPWpGaD
Fludiazepam—GABRG2—Ion channel transport—GABRB1—alcohol dependence	0.000161	0.00189	CbGpPWpGaD
Fludiazepam—GABRA3—Neurotransmitter Receptor Binding And Downstream Transmission In The Postsynaptic Cell—GABRA2—alcohol dependence	0.000161	0.00188	CbGpPWpGaD
Fludiazepam—Clotiazepam—GABRG1—alcohol dependence	0.000159	0.0258	CrCbGaD
Fludiazepam—GABRA1—Neurotransmitter Receptor Binding And Downstream Transmission In The Postsynaptic Cell—GABRB1—alcohol dependence	0.000158	0.00185	CbGpPWpGaD
Fludiazepam—GABRB2—Neuronal System—KCNJ6—alcohol dependence	0.000158	0.00185	CbGpPWpGaD
Fludiazepam—GABRB3—Neurotransmitter Receptor Binding And Downstream Transmission In The Postsynaptic Cell—GABRA2—alcohol dependence	0.000157	0.00184	CbGpPWpGaD
Fludiazepam—Ketazolam—GABRB1—alcohol dependence	0.000156	0.0254	CrCbGaD
Fludiazepam—GABRG2—Neurotransmitter Receptor Binding And Downstream Transmission In The Postsynaptic Cell—GABRA2—alcohol dependence	0.000154	0.0018	CbGpPWpGaD
Fludiazepam—GABRA5—Neuronal System—KCNJ6—alcohol dependence	0.000153	0.0018	CbGpPWpGaD
Fludiazepam—GABRA3—Neuronal System—KCNJ6—alcohol dependence	0.00015	0.00176	CbGpPWpGaD
Fludiazepam—GABRG3—Transmission across Chemical Synapses—GABRA2—alcohol dependence	0.00015	0.00176	CbGpPWpGaD
Fludiazepam—GABRB2—Ion channel transport—GABRA2—alcohol dependence	0.00015	0.00176	CbGpPWpGaD
Fludiazepam—GABRB2—Transmission across Chemical Synapses—GABRB1—alcohol dependence	0.000149	0.00174	CbGpPWpGaD
Fludiazepam—GABRB1—Transmission across Chemical Synapses—GABRA2—alcohol dependence	0.000148	0.00174	CbGpPWpGaD
Fludiazepam—GABRA2—Neuronal System—KCNJ6—alcohol dependence	0.000148	0.00173	CbGpPWpGaD
Fludiazepam—GABRB3—Neuronal System—KCNJ6—alcohol dependence	0.000147	0.00172	CbGpPWpGaD
Fludiazepam—GABRR1—Neuronal System—GABRA2—alcohol dependence	0.000147	0.00172	CbGpPWpGaD
Fludiazepam—Cinolazepam—GABRG1—alcohol dependence	0.000146	0.0238	CrCbGaD
Fludiazepam—GABRR1—Neurotransmitter Receptor Binding And Downstream Transmission In The Postsynaptic Cell—GRIN2B—alcohol dependence	0.000146	0.00171	CbGpPWpGaD
Fludiazepam—Quazepam—GABRG1—alcohol dependence	0.000146	0.0237	CrCbGaD
Fludiazepam—GABRA5—Ion channel transport—GABRA2—alcohol dependence	0.000145	0.00171	CbGpPWpGaD
Fludiazepam—GABRA5—Transmission across Chemical Synapses—GABRB1—alcohol dependence	0.000145	0.00169	CbGpPWpGaD
Fludiazepam—GABRG2—Neuronal System—KCNJ6—alcohol dependence	0.000144	0.00169	CbGpPWpGaD
Fludiazepam—GABRA3—Ion channel transport—GABRA2—alcohol dependence	0.000143	0.00167	CbGpPWpGaD
Fludiazepam—GABRA3—Transmission across Chemical Synapses—GABRB1—alcohol dependence	0.000142	0.00166	CbGpPWpGaD
Fludiazepam—GABRA1—Ion channel transport—GABRB1—alcohol dependence	0.000141	0.00165	CbGpPWpGaD
Fludiazepam—GABRR2—Neuronal System—GABRA2—alcohol dependence	0.00014	0.00164	CbGpPWpGaD
Fludiazepam—GABRA2—Transmission across Chemical Synapses—GABRB1—alcohol dependence	0.000139	0.00164	CbGpPWpGaD
Fludiazepam—GABRB3—Ion channel transport—GABRA2—alcohol dependence	0.000139	0.00163	CbGpPWpGaD
Fludiazepam—GABRR2—Neurotransmitter Receptor Binding And Downstream Transmission In The Postsynaptic Cell—GRIN2B—alcohol dependence	0.000139	0.00163	CbGpPWpGaD
Fludiazepam—GABRR1—Transmission across Chemical Synapses—ALDH2—alcohol dependence	0.000139	0.00163	CbGpPWpGaD
Fludiazepam—GABRB3—Transmission across Chemical Synapses—GABRB1—alcohol dependence	0.000139	0.00162	CbGpPWpGaD
Fludiazepam—GABRG2—Ion channel transport—GABRA2—alcohol dependence	0.000137	0.00161	CbGpPWpGaD
Fludiazepam—GABRG2—Transmission across Chemical Synapses—GABRB1—alcohol dependence	0.000136	0.0016	CbGpPWpGaD
Fludiazepam—GABRG3—Neuronal System—GABRB1—alcohol dependence	0.000135	0.00159	CbGpPWpGaD
Fludiazepam—GABRA1—Neurotransmitter Receptor Binding And Downstream Transmission In The Postsynaptic Cell—GABRA2—alcohol dependence	0.000135	0.00158	CbGpPWpGaD
Fludiazepam—Bromazepam—GABRB1—alcohol dependence	0.000134	0.0218	CrCbGaD
Fludiazepam—GABRR2—Transmission across Chemical Synapses—ALDH2—alcohol dependence	0.000133	0.00155	CbGpPWpGaD
Fludiazepam—Estazolam—GABRG1—alcohol dependence	0.000129	0.0209	CrCbGaD
Fludiazepam—GABRB2—Transmission across Chemical Synapses—GABRA2—alcohol dependence	0.000126	0.00148	CbGpPWpGaD
Fludiazepam—GABRA1—Neuronal System—KCNJ6—alcohol dependence	0.000126	0.00148	CbGpPWpGaD
Fludiazepam—Halazepam—GABRG1—alcohol dependence	0.000125	0.0203	CrCbGaD
Fludiazepam—Nitrazepam—GABRG1—alcohol dependence	0.000124	0.0202	CrCbGaD
Fludiazepam—GABRA5—Transmission across Chemical Synapses—GABRA2—alcohol dependence	0.000123	0.00144	CbGpPWpGaD
Fludiazepam—Adinazolam—GABRG1—alcohol dependence	0.000122	0.0199	CrCbGaD
Fludiazepam—GABRA3—Transmission across Chemical Synapses—GABRA2—alcohol dependence	0.000121	0.00141	CbGpPWpGaD
Fludiazepam—GABRA1—Ion channel transport—GABRA2—alcohol dependence	0.00012	0.0014	CbGpPWpGaD
Fludiazepam—GABRA1—Transmission across Chemical Synapses—GABRB1—alcohol dependence	0.000119	0.00139	CbGpPWpGaD
Fludiazepam—Prazepam—GABRG1—alcohol dependence	0.000118	0.0192	CrCbGaD
Fludiazepam—GABRB3—Transmission across Chemical Synapses—GABRA2—alcohol dependence	0.000118	0.00138	CbGpPWpGaD
Fludiazepam—Clotiazepam—GABRB1—alcohol dependence	0.000117	0.019	CrCbGaD
Fludiazepam—GABRG2—Transmission across Chemical Synapses—GABRA2—alcohol dependence	0.000116	0.00136	CbGpPWpGaD
Fludiazepam—GABRG3—Neuronal System—GABRA2—alcohol dependence	0.000115	0.00135	CbGpPWpGaD
Fludiazepam—GABRG3—Neurotransmitter Receptor Binding And Downstream Transmission In The Postsynaptic Cell—GRIN2B—alcohol dependence	0.000115	0.00135	CbGpPWpGaD
Fludiazepam—GABRB2—Neuronal System—GABRB1—alcohol dependence	0.000114	0.00134	CbGpPWpGaD
Fludiazepam—GABRB1—Neuronal System—GABRA2—alcohol dependence	0.000113	0.00133	CbGpPWpGaD
Fludiazepam—GABRB1—Neurotransmitter Receptor Binding And Downstream Transmission In The Postsynaptic Cell—GRIN2B—alcohol dependence	0.000113	0.00133	CbGpPWpGaD
Fludiazepam—GABRA5—Neuronal System—GABRB1—alcohol dependence	0.000111	0.0013	CbGpPWpGaD
Fludiazepam—Flurazepam—GABRG1—alcohol dependence	0.00011	0.0179	CrCbGaD
Fludiazepam—Triazolam—GABRG1—alcohol dependence	0.00011	0.0179	CrCbGaD
Fludiazepam—GABRR1—Transmission across Chemical Synapses—GRIN2B—alcohol dependence	0.00011	0.00129	CbGpPWpGaD
Fludiazepam—GABRG3—Transmission across Chemical Synapses—ALDH2—alcohol dependence	0.000109	0.00128	CbGpPWpGaD
Fludiazepam—GABRA3—Neuronal System—GABRB1—alcohol dependence	0.000109	0.00127	CbGpPWpGaD
Fludiazepam—GABRR1—Transmission across Chemical Synapses—SLC6A3—alcohol dependence	0.000108	0.00127	CbGpPWpGaD
Fludiazepam—GABRB1—Transmission across Chemical Synapses—ALDH2—alcohol dependence	0.000108	0.00126	CbGpPWpGaD
Fludiazepam—Cinolazepam—GABRB1—alcohol dependence	0.000108	0.0175	CrCbGaD
Fludiazepam—Quazepam—GABRB1—alcohol dependence	0.000107	0.0174	CrCbGaD
Fludiazepam—GABRA2—Neuronal System—GABRB1—alcohol dependence	0.000107	0.00125	CbGpPWpGaD
Fludiazepam—Oxazepam—GABRG1—alcohol dependence	0.000107	0.0174	CrCbGaD
Fludiazepam—GABRR1—Neuronal System—ALDH2—alcohol dependence	0.000106	0.00125	CbGpPWpGaD
Fludiazepam—GABRB3—Neuronal System—GABRB1—alcohol dependence	0.000106	0.00124	CbGpPWpGaD
Fludiazepam—Temazepam—GABRG1—alcohol dependence	0.000105	0.0171	CrCbGaD
Fludiazepam—GABRR2—Transmission across Chemical Synapses—GRIN2B—alcohol dependence	0.000105	0.00123	CbGpPWpGaD
Fludiazepam—GABRG2—Neuronal System—GABRB1—alcohol dependence	0.000104	0.00122	CbGpPWpGaD
Fludiazepam—GABRA1—SIDS Susceptibility Pathways—CHRM2—alcohol dependence	0.000103	0.00121	CbGpPWpGaD
Fludiazepam—GABRR2—Transmission across Chemical Synapses—SLC6A3—alcohol dependence	0.000103	0.00121	CbGpPWpGaD
Fludiazepam—Midazolam—GABRG1—alcohol dependence	0.000102	0.0166	CrCbGaD
Fludiazepam—GABRR2—Neuronal System—ALDH2—alcohol dependence	0.000102	0.00119	CbGpPWpGaD
Fludiazepam—GABRA1—Transmission across Chemical Synapses—GABRA2—alcohol dependence	0.000101	0.00119	CbGpPWpGaD
Fludiazepam—Mazindol—SLC6A3—alcohol dependence	9.92e-05	0.0161	CrCbGaD
Fludiazepam—GABRB2—Neuronal System—GABRA2—alcohol dependence	9.69e-05	0.00114	CbGpPWpGaD
Fludiazepam—GABRB2—Neurotransmitter Receptor Binding And Downstream Transmission In The Postsynaptic Cell—GRIN2B—alcohol dependence	9.66e-05	0.00113	CbGpPWpGaD
Fludiazepam—Estazolam—GABRB1—alcohol dependence	9.45e-05	0.0154	CrCbGaD
Fludiazepam—GABRA5—Neuronal System—GABRA2—alcohol dependence	9.42e-05	0.0011	CbGpPWpGaD
Fludiazepam—GABRA5—Neurotransmitter Receptor Binding And Downstream Transmission In The Postsynaptic Cell—GRIN2B—alcohol dependence	9.39e-05	0.0011	CbGpPWpGaD
Fludiazepam—GABRR1—Transmembrane transport of small molecules—GABRB1—alcohol dependence	9.27e-05	0.00109	CbGpPWpGaD
Fludiazepam—GABRA3—Neuronal System—GABRA2—alcohol dependence	9.25e-05	0.00108	CbGpPWpGaD
Fludiazepam—GABRA3—Neurotransmitter Receptor Binding And Downstream Transmission In The Postsynaptic Cell—GRIN2B—alcohol dependence	9.22e-05	0.00108	CbGpPWpGaD
Fludiazepam—GABRB2—Transmission across Chemical Synapses—ALDH2—alcohol dependence	9.19e-05	0.00108	CbGpPWpGaD
Fludiazepam—Halazepam—GABRB1—alcohol dependence	9.18e-05	0.0149	CrCbGaD
Fludiazepam—GABRR1—Transmission across Chemical Synapses—MAOA—alcohol dependence	9.14e-05	0.00107	CbGpPWpGaD
Fludiazepam—Bromazepam—GABRA2—alcohol dependence	9.14e-05	0.0148	CrCbGaD
Fludiazepam—Nitrazepam—GABRB1—alcohol dependence	9.12e-05	0.0148	CrCbGaD
Fludiazepam—GABRA1—Neuronal System—GABRB1—alcohol dependence	9.11e-05	0.00107	CbGpPWpGaD
Fludiazepam—GABRA2—Neurotransmitter Receptor Binding And Downstream Transmission In The Postsynaptic Cell—GRIN2B—alcohol dependence	9.06e-05	0.00106	CbGpPWpGaD
Fludiazepam—GABRB3—Neuronal System—GABRA2—alcohol dependence	9.03e-05	0.00106	CbGpPWpGaD
Fludiazepam—GABRB3—Neurotransmitter Receptor Binding And Downstream Transmission In The Postsynaptic Cell—GRIN2B—alcohol dependence	9e-05	0.00106	CbGpPWpGaD
Fludiazepam—Adinazolam—GABRB1—alcohol dependence	8.99e-05	0.0146	CrCbGaD
Fludiazepam—GABRA5—Transmission across Chemical Synapses—ALDH2—alcohol dependence	8.93e-05	0.00105	CbGpPWpGaD
Fludiazepam—Chlordiazepoxide—GABRA2—alcohol dependence	8.87e-05	0.0144	CrCbGaD
Fludiazepam—GABRG2—Neuronal System—GABRA2—alcohol dependence	8.86e-05	0.00104	CbGpPWpGaD
Fludiazepam—GABRR2—Transmembrane transport of small molecules—GABRB1—alcohol dependence	8.84e-05	0.00104	CbGpPWpGaD
Fludiazepam—GABRG2—Neurotransmitter Receptor Binding And Downstream Transmission In The Postsynaptic Cell—GRIN2B—alcohol dependence	8.84e-05	0.00104	CbGpPWpGaD
Fludiazepam—GABRB3—BDNF signaling pathway—GRIN2B—alcohol dependence	8.8e-05	0.00103	CbGpPWpGaD
Fludiazepam—GABRA3—Transmission across Chemical Synapses—ALDH2—alcohol dependence	8.77e-05	0.00103	CbGpPWpGaD
Fludiazepam—Diazepam—GABRG1—alcohol dependence	8.76e-05	0.0142	CrCbGaD
Fludiazepam—GABRB3—BDNF signaling pathway—CNR1—alcohol dependence	8.74e-05	0.00102	CbGpPWpGaD
Fludiazepam—GABRR2—Transmission across Chemical Synapses—MAOA—alcohol dependence	8.72e-05	0.00102	CbGpPWpGaD
Fludiazepam—Prazepam—GABRB1—alcohol dependence	8.69e-05	0.0141	CrCbGaD
Fludiazepam—GABRG3—Transmission across Chemical Synapses—GRIN2B—alcohol dependence	8.63e-05	0.00101	CbGpPWpGaD
Fludiazepam—GABRA2—Transmission across Chemical Synapses—ALDH2—alcohol dependence	8.62e-05	0.00101	CbGpPWpGaD
Fludiazepam—GABRB3—Transmission across Chemical Synapses—ALDH2—alcohol dependence	8.56e-05	0.001	CbGpPWpGaD
Fludiazepam—GABRG3—Transmission across Chemical Synapses—SLC6A3—alcohol dependence	8.51e-05	0.000997	CbGpPWpGaD
Fludiazepam—GABRB1—Transmission across Chemical Synapses—GRIN2B—alcohol dependence	8.5e-05	0.000997	CbGpPWpGaD
Fludiazepam—GABRR1—Neuronal System—GRIN2B—alcohol dependence	8.42e-05	0.000987	CbGpPWpGaD
Fludiazepam—GABRG2—Transmission across Chemical Synapses—ALDH2—alcohol dependence	8.41e-05	0.000985	CbGpPWpGaD
Fludiazepam—GABRB1—Transmission across Chemical Synapses—SLC6A3—alcohol dependence	8.38e-05	0.000982	CbGpPWpGaD
Fludiazepam—GABRG3—Neuronal System—ALDH2—alcohol dependence	8.37e-05	0.000981	CbGpPWpGaD
Fludiazepam—Clorazepate—GABRA2—alcohol dependence	8.3e-05	0.0135	CrCbGaD
Fludiazepam—GABRR1—Neuronal System—SLC6A3—alcohol dependence	8.3e-05	0.000973	CbGpPWpGaD
Fludiazepam—GABRB1—Neuronal System—ALDH2—alcohol dependence	8.24e-05	0.000966	CbGpPWpGaD
Fludiazepam—Flurazepam—GABRB1—alcohol dependence	8.11e-05	0.0132	CrCbGaD
Fludiazepam—Triazolam—GABRB1—alcohol dependence	8.1e-05	0.0132	CrCbGaD
Fludiazepam—GABRR2—Neuronal System—GRIN2B—alcohol dependence	8.03e-05	0.000941	CbGpPWpGaD
Fludiazepam—Clotiazepam—GABRA2—alcohol dependence	7.96e-05	0.0129	CrCbGaD
Fludiazepam—GABRR2—Neuronal System—SLC6A3—alcohol dependence	7.91e-05	0.000928	CbGpPWpGaD
Fludiazepam—GABRR1—Transmembrane transport of small molecules—GABRA2—alcohol dependence	7.88e-05	0.000924	CbGpPWpGaD
Fludiazepam—Oxazepam—GABRB1—alcohol dependence	7.85e-05	0.0128	CrCbGaD
Fludiazepam—GABRA1—SIDS Susceptibility Pathways—SLC6A4—alcohol dependence	7.83e-05	0.000918	CbGpPWpGaD
Fludiazepam—Temazepam—GABRB1—alcohol dependence	7.75e-05	0.0126	CrCbGaD
Fludiazepam—GABRA1—Neuronal System—GABRA2—alcohol dependence	7.75e-05	0.000908	CbGpPWpGaD
Fludiazepam—GABRA1—Neurotransmitter Receptor Binding And Downstream Transmission In The Postsynaptic Cell—GRIN2B—alcohol dependence	7.73e-05	0.000906	CbGpPWpGaD
Fludiazepam—GABRR2—Transmembrane transport of small molecules—GABRA2—alcohol dependence	7.52e-05	0.000881	CbGpPWpGaD
Fludiazepam—Midazolam—GABRB1—alcohol dependence	7.52e-05	0.0122	CrCbGaD
Fludiazepam—Alprazolam—GABRA2—alcohol dependence	7.51e-05	0.0122	CrCbGaD
Fludiazepam—Mazindol—SLC6A4—alcohol dependence	7.42e-05	0.0121	CrCbGaD
Fludiazepam—GABRA1—Transmission across Chemical Synapses—ALDH2—alcohol dependence	7.35e-05	0.000861	CbGpPWpGaD
Fludiazepam—Cinolazepam—GABRA2—alcohol dependence	7.32e-05	0.0119	CrCbGaD
Fludiazepam—Quazepam—GABRA2—alcohol dependence	7.29e-05	0.0118	CrCbGaD
Fludiazepam—GABRG3—Transmembrane transport of small molecules—GABRB1—alcohol dependence	7.28e-05	0.000854	CbGpPWpGaD
Fludiazepam—GABRB2—Transmission across Chemical Synapses—GRIN2B—alcohol dependence	7.27e-05	0.000852	CbGpPWpGaD
Fludiazepam—GABRG3—Transmission across Chemical Synapses—MAOA—alcohol dependence	7.18e-05	0.000842	CbGpPWpGaD
Fludiazepam—GABRB2—Transmission across Chemical Synapses—SLC6A3—alcohol dependence	7.16e-05	0.000839	CbGpPWpGaD
Fludiazepam—GABRB1—Transmission across Chemical Synapses—MAOA—alcohol dependence	7.07e-05	0.000829	CbGpPWpGaD
Fludiazepam—GABRA5—Transmission across Chemical Synapses—GRIN2B—alcohol dependence	7.06e-05	0.000827	CbGpPWpGaD
Fludiazepam—GABRB2—Neuronal System—ALDH2—alcohol dependence	7.04e-05	0.000826	CbGpPWpGaD
Fludiazepam—GABRR1—Neuronal System—MAOA—alcohol dependence	7e-05	0.000821	CbGpPWpGaD
Fludiazepam—GABRA5—Transmission across Chemical Synapses—SLC6A3—alcohol dependence	6.96e-05	0.000815	CbGpPWpGaD
Fludiazepam—GABRA3—Transmission across Chemical Synapses—GRIN2B—alcohol dependence	6.93e-05	0.000812	CbGpPWpGaD
Fludiazepam—Flunitrazepam—GABRA2—alcohol dependence	6.88e-05	0.0112	CrCbGaD
Fludiazepam—GABRA5—Neuronal System—ALDH2—alcohol dependence	6.84e-05	0.000802	CbGpPWpGaD
Fludiazepam—GABRA3—Transmission across Chemical Synapses—SLC6A3—alcohol dependence	6.83e-05	0.000801	CbGpPWpGaD
Fludiazepam—GABRA2—Transmission across Chemical Synapses—GRIN2B—alcohol dependence	6.81e-05	0.000798	CbGpPWpGaD
Fludiazepam—GABRB3—Transmission across Chemical Synapses—GRIN2B—alcohol dependence	6.77e-05	0.000793	CbGpPWpGaD
Fludiazepam—GABRA3—Neuronal System—ALDH2—alcohol dependence	6.72e-05	0.000788	CbGpPWpGaD
Fludiazepam—GABRA2—Transmission across Chemical Synapses—SLC6A3—alcohol dependence	6.71e-05	0.000787	CbGpPWpGaD
Fludiazepam—GABRR2—Neuronal System—MAOA—alcohol dependence	6.68e-05	0.000783	CbGpPWpGaD
Fludiazepam—GABRB3—Transmission across Chemical Synapses—SLC6A3—alcohol dependence	6.67e-05	0.000782	CbGpPWpGaD
Fludiazepam—GABRG2—Transmission across Chemical Synapses—GRIN2B—alcohol dependence	6.64e-05	0.000779	CbGpPWpGaD
Fludiazepam—GABRG3—Neuronal System—GRIN2B—alcohol dependence	6.61e-05	0.000775	CbGpPWpGaD
Fludiazepam—GABRA2—Neuronal System—ALDH2—alcohol dependence	6.6e-05	0.000774	CbGpPWpGaD
Fludiazepam—GABRB3—Neuronal System—ALDH2—alcohol dependence	6.56e-05	0.000769	CbGpPWpGaD
Fludiazepam—GABRG2—Transmission across Chemical Synapses—SLC6A3—alcohol dependence	6.55e-05	0.000768	CbGpPWpGaD
Fludiazepam—GABRG3—Neuronal System—SLC6A3—alcohol dependence	6.52e-05	0.000764	CbGpPWpGaD
Fludiazepam—GABRB1—Neuronal System—GRIN2B—alcohol dependence	6.51e-05	0.000764	CbGpPWpGaD
Fludiazepam—GABRG2—Neuronal System—ALDH2—alcohol dependence	6.44e-05	0.000755	CbGpPWpGaD
Fludiazepam—Diazepam—GABRB1—alcohol dependence	6.44e-05	0.0105	CrCbGaD
Fludiazepam—Estazolam—GABRA2—alcohol dependence	6.44e-05	0.0105	CrCbGaD
Fludiazepam—GABRB1—Neuronal System—SLC6A3—alcohol dependence	6.42e-05	0.000753	CbGpPWpGaD
Fludiazepam—Halazepam—GABRA2—alcohol dependence	6.25e-05	0.0102	CrCbGaD
Fludiazepam—Nitrazepam—GABRA2—alcohol dependence	6.21e-05	0.0101	CrCbGaD
Fludiazepam—GABRG3—Transmembrane transport of small molecules—GABRA2—alcohol dependence	6.19e-05	0.000726	CbGpPWpGaD
Fludiazepam—GABRB2—Transmembrane transport of small molecules—GABRB1—alcohol dependence	6.13e-05	0.000718	CbGpPWpGaD
Fludiazepam—Adinazolam—GABRA2—alcohol dependence	6.13e-05	0.00995	CrCbGaD
Fludiazepam—GABRB1—Transmembrane transport of small molecules—GABRA2—alcohol dependence	6.1e-05	0.000715	CbGpPWpGaD
Fludiazepam—GABRB2—Transmission across Chemical Synapses—MAOA—alcohol dependence	6.05e-05	0.000709	CbGpPWpGaD
Fludiazepam—GABRA5—Transmembrane transport of small molecules—GABRB1—alcohol dependence	5.95e-05	0.000698	CbGpPWpGaD
Fludiazepam—Prazepam—GABRA2—alcohol dependence	5.92e-05	0.00962	CrCbGaD
Fludiazepam—GABRA1—SIDS Susceptibility Pathways—MAOA—alcohol dependence	5.9e-05	0.000691	CbGpPWpGaD
Fludiazepam—GABRA5—Transmission across Chemical Synapses—MAOA—alcohol dependence	5.87e-05	0.000688	CbGpPWpGaD
Fludiazepam—GABRA3—Transmembrane transport of small molecules—GABRB1—alcohol dependence	5.85e-05	0.000685	CbGpPWpGaD
Fludiazepam—GABRA1—Transmission across Chemical Synapses—GRIN2B—alcohol dependence	5.81e-05	0.000681	CbGpPWpGaD
Fludiazepam—GABRA1—SIDS Susceptibility Pathways—AVP—alcohol dependence	5.78e-05	0.000677	CbGpPWpGaD
Fludiazepam—GABRA3—Transmission across Chemical Synapses—MAOA—alcohol dependence	5.77e-05	0.000676	CbGpPWpGaD
Fludiazepam—GABRA2—Transmembrane transport of small molecules—GABRB1—alcohol dependence	5.75e-05	0.000674	CbGpPWpGaD
Fludiazepam—GABRA1—Transmission across Chemical Synapses—SLC6A3—alcohol dependence	5.72e-05	0.000671	CbGpPWpGaD
Fludiazepam—Amoxapine—DRD4—alcohol dependence	5.71e-05	0.00928	CrCbGaD
Fludiazepam—GABRB3—Transmembrane transport of small molecules—GABRB1—alcohol dependence	5.71e-05	0.000669	CbGpPWpGaD
Fludiazepam—GABRA2—Transmission across Chemical Synapses—MAOA—alcohol dependence	5.67e-05	0.000664	CbGpPWpGaD
Fludiazepam—GABRB3—Transmission across Chemical Synapses—MAOA—alcohol dependence	5.63e-05	0.00066	CbGpPWpGaD
Fludiazepam—GABRA1—Neuronal System—ALDH2—alcohol dependence	5.63e-05	0.00066	CbGpPWpGaD
Fludiazepam—GABRG2—Transmembrane transport of small molecules—GABRB1—alcohol dependence	5.61e-05	0.000657	CbGpPWpGaD
Fludiazepam—GABRB2—Neuronal System—GRIN2B—alcohol dependence	5.57e-05	0.000653	CbGpPWpGaD
Fludiazepam—GABRG2—Transmission across Chemical Synapses—MAOA—alcohol dependence	5.53e-05	0.000648	CbGpPWpGaD
Fludiazepam—Flurazepam—GABRA2—alcohol dependence	5.52e-05	0.00897	CrCbGaD
Fludiazepam—Triazolam—GABRA2—alcohol dependence	5.52e-05	0.00896	CrCbGaD
Fludiazepam—GABRG3—Neuronal System—MAOA—alcohol dependence	5.5e-05	0.000645	CbGpPWpGaD
Fludiazepam—GABRB2—Neuronal System—SLC6A3—alcohol dependence	5.49e-05	0.000643	CbGpPWpGaD
Fludiazepam—GABRB1—Neuronal System—MAOA—alcohol dependence	5.42e-05	0.000635	CbGpPWpGaD
Fludiazepam—GABRA5—Neuronal System—GRIN2B—alcohol dependence	5.41e-05	0.000634	CbGpPWpGaD
Fludiazepam—Oxazepam—GABRA2—alcohol dependence	5.35e-05	0.00869	CrCbGaD
Fludiazepam—GABRA5—Neuronal System—SLC6A3—alcohol dependence	5.33e-05	0.000625	CbGpPWpGaD
Fludiazepam—GABRA3—Neuronal System—GRIN2B—alcohol dependence	5.31e-05	0.000623	CbGpPWpGaD
Fludiazepam—Temazepam—GABRA2—alcohol dependence	5.28e-05	0.00858	CrCbGaD
Fludiazepam—Amoxapine—HTR7—alcohol dependence	5.24e-05	0.00851	CrCbGaD
Fludiazepam—GABRA3—Neuronal System—SLC6A3—alcohol dependence	5.23e-05	0.000614	CbGpPWpGaD
Fludiazepam—GABRA2—Neuronal System—GRIN2B—alcohol dependence	5.22e-05	0.000612	CbGpPWpGaD
Fludiazepam—GABRB2—Transmembrane transport of small molecules—GABRA2—alcohol dependence	5.21e-05	0.000611	CbGpPWpGaD
Fludiazepam—GABRB3—Neuronal System—GRIN2B—alcohol dependence	5.18e-05	0.000608	CbGpPWpGaD
Fludiazepam—GABRA2—Neuronal System—SLC6A3—alcohol dependence	5.14e-05	0.000603	CbGpPWpGaD
Fludiazepam—Midazolam—GABRA2—alcohol dependence	5.12e-05	0.00832	CrCbGaD
Fludiazepam—GABRB3—Neuronal System—SLC6A3—alcohol dependence	5.11e-05	0.000599	CbGpPWpGaD
Fludiazepam—GABRG2—Neuronal System—GRIN2B—alcohol dependence	5.09e-05	0.000597	CbGpPWpGaD
Fludiazepam—Amoxapine—HTR1B—alcohol dependence	5.07e-05	0.00824	CrCbGaD
Fludiazepam—GABRA5—Transmembrane transport of small molecules—GABRA2—alcohol dependence	5.06e-05	0.000593	CbGpPWpGaD
Fludiazepam—GABRG2—Neuronal System—SLC6A3—alcohol dependence	5.02e-05	0.000588	CbGpPWpGaD
Fludiazepam—GABRA3—Transmembrane transport of small molecules—GABRA2—alcohol dependence	4.97e-05	0.000583	CbGpPWpGaD
Fludiazepam—GABRA1—Transmembrane transport of small molecules—GABRB1—alcohol dependence	4.9e-05	0.000574	CbGpPWpGaD
Fludiazepam—GABRB3—Transmembrane transport of small molecules—GABRA2—alcohol dependence	4.85e-05	0.000569	CbGpPWpGaD
Fludiazepam—GABRA1—Transmission across Chemical Synapses—MAOA—alcohol dependence	4.83e-05	0.000567	CbGpPWpGaD
Fludiazepam—GABRA1—SIDS Susceptibility Pathways—HTR2A—alcohol dependence	4.81e-05	0.000563	CbGpPWpGaD
Fludiazepam—GABRG2—Transmembrane transport of small molecules—GABRA2—alcohol dependence	4.77e-05	0.000559	CbGpPWpGaD
Fludiazepam—Chlorprothixene—CHRM2—alcohol dependence	4.71e-05	0.00766	CrCbGaD
Fludiazepam—GABRB2—Neuronal System—MAOA—alcohol dependence	4.63e-05	0.000543	CbGpPWpGaD
Fludiazepam—Amoxapine—SLC6A3—alcohol dependence	4.58e-05	0.00745	CrCbGaD
Fludiazepam—Bromazepam—CYP2E1—alcohol dependence	4.54e-05	0.00737	CrCbGaD
Fludiazepam—GABRA5—Neuronal System—MAOA—alcohol dependence	4.5e-05	0.000528	CbGpPWpGaD
Fludiazepam—GABRR1—Transmembrane transport of small molecules—SLC6A3—alcohol dependence	4.46e-05	0.000523	CbGpPWpGaD
Fludiazepam—Loxapine—DRD4—alcohol dependence	4.46e-05	0.00725	CrCbGaD
Fludiazepam—GABRA1—Neuronal System—GRIN2B—alcohol dependence	4.45e-05	0.000522	CbGpPWpGaD
Fludiazepam—GABRA3—Neuronal System—MAOA—alcohol dependence	4.42e-05	0.000518	CbGpPWpGaD
Fludiazepam—Diazepam—GABRA2—alcohol dependence	4.39e-05	0.00713	CrCbGaD
Fludiazepam—GABRA1—Neuronal System—SLC6A3—alcohol dependence	4.39e-05	0.000514	CbGpPWpGaD
Fludiazepam—GABRA2—Neuronal System—MAOA—alcohol dependence	4.34e-05	0.000509	CbGpPWpGaD
Fludiazepam—GABRB3—Neuronal System—MAOA—alcohol dependence	4.31e-05	0.000506	CbGpPWpGaD
Fludiazepam—GABRR2—Transmembrane transport of small molecules—SLC6A3—alcohol dependence	4.26e-05	0.000499	CbGpPWpGaD
Fludiazepam—Clonazepam—CYP2E1—alcohol dependence	4.25e-05	0.00691	CrCbGaD
Fludiazepam—GABRG2—Neuronal System—MAOA—alcohol dependence	4.24e-05	0.000497	CbGpPWpGaD
Fludiazepam—GABRA1—Transmembrane transport of small molecules—GABRA2—alcohol dependence	4.17e-05	0.000488	CbGpPWpGaD
Fludiazepam—Loxapine—CHRM2—alcohol dependence	4.11e-05	0.00668	CrCbGaD
Fludiazepam—Loxapine—HTR7—alcohol dependence	4.09e-05	0.00665	CrCbGaD
Fludiazepam—Loxapine—HTR1B—alcohol dependence	3.96e-05	0.00644	CrCbGaD
Fludiazepam—Clozapine—DRD4—alcohol dependence	3.74e-05	0.00608	CrCbGaD
Fludiazepam—GABRA1—Neuronal System—MAOA—alcohol dependence	3.7e-05	0.000434	CbGpPWpGaD
Fludiazepam—GABRR1—Transmembrane transport of small molecules—AVP—alcohol dependence	3.69e-05	0.000433	CbGpPWpGaD
Fludiazepam—Loxapine—SLC6A3—alcohol dependence	3.58e-05	0.00582	CrCbGaD
Fludiazepam—GABRR2—Transmembrane transport of small molecules—AVP—alcohol dependence	3.52e-05	0.000413	CbGpPWpGaD
Fludiazepam—GABRG3—Transmembrane transport of small molecules—SLC6A3—alcohol dependence	3.5e-05	0.000411	CbGpPWpGaD
Fludiazepam—GABRB1—Transmembrane transport of small molecules—SLC6A3—alcohol dependence	3.45e-05	0.000405	CbGpPWpGaD
Fludiazepam—Clozapine—CHRM2—alcohol dependence	3.45e-05	0.00561	CrCbGaD
Fludiazepam—Clozapine—HTR7—alcohol dependence	3.43e-05	0.00558	CrCbGaD
Fludiazepam—Amoxapine—SLC6A4—alcohol dependence	3.43e-05	0.00557	CrCbGaD
Fludiazepam—Flunitrazepam—CYP2E1—alcohol dependence	3.42e-05	0.00555	CrCbGaD
Fludiazepam—Amoxapine—DRD2—alcohol dependence	3.41e-05	0.00554	CrCbGaD
Fludiazepam—Clozapine—HTR1B—alcohol dependence	3.33e-05	0.0054	CrCbGaD
Fludiazepam—Nitrazepam—CYP2E1—alcohol dependence	3.08e-05	0.00501	CrCbGaD
Fludiazepam—Chlorprothixene—DRD2—alcohol dependence	3.05e-05	0.00496	CrCbGaD
Fludiazepam—GABRB2—Transmembrane transport of small molecules—SLC6A3—alcohol dependence	2.95e-05	0.000346	CbGpPWpGaD
Fludiazepam—GABRG3—Transmembrane transport of small molecules—AVP—alcohol dependence	2.9e-05	0.00034	CbGpPWpGaD
Fludiazepam—GABRA5—Transmembrane transport of small molecules—SLC6A3—alcohol dependence	2.87e-05	0.000336	CbGpPWpGaD
Fludiazepam—GABRB1—Transmembrane transport of small molecules—AVP—alcohol dependence	2.86e-05	0.000335	CbGpPWpGaD
Fludiazepam—GABRA3—Transmembrane transport of small molecules—SLC6A3—alcohol dependence	2.81e-05	0.00033	CbGpPWpGaD
Fludiazepam—GABRA2—Transmembrane transport of small molecules—SLC6A3—alcohol dependence	2.77e-05	0.000324	CbGpPWpGaD
Fludiazepam—GABRB3—Transmembrane transport of small molecules—SLC6A3—alcohol dependence	2.75e-05	0.000322	CbGpPWpGaD
Fludiazepam—Flurazepam—CYP2E1—alcohol dependence	2.74e-05	0.00446	CrCbGaD
Fludiazepam—GABRG2—Transmembrane transport of small molecules—SLC6A3—alcohol dependence	2.7e-05	0.000316	CbGpPWpGaD
Fludiazepam—Loxapine—SLC6A4—alcohol dependence	2.68e-05	0.00435	CrCbGaD
Fludiazepam—Loxapine—DRD2—alcohol dependence	2.66e-05	0.00432	CrCbGaD
Fludiazepam—Amoxapine—HTR2A—alcohol dependence	2.63e-05	0.00428	CrCbGaD
Fludiazepam—GABRA1—SIDS Susceptibility Pathways—EP300—alcohol dependence	2.55e-05	0.000298	CbGpPWpGaD
Fludiazepam—Midazolam—CYP2E1—alcohol dependence	2.54e-05	0.00413	CrCbGaD
Fludiazepam—GABRB2—Transmembrane transport of small molecules—AVP—alcohol dependence	2.44e-05	0.000286	CbGpPWpGaD
Fludiazepam—GABRA5—Transmembrane transport of small molecules—AVP—alcohol dependence	2.37e-05	0.000278	CbGpPWpGaD
Fludiazepam—GABRA1—Transmembrane transport of small molecules—SLC6A3—alcohol dependence	2.36e-05	0.000276	CbGpPWpGaD
Fludiazepam—Chlorprothixene—HTR2A—alcohol dependence	2.36e-05	0.00383	CrCbGaD
Fludiazepam—GABRA3—Transmembrane transport of small molecules—AVP—alcohol dependence	2.33e-05	0.000273	CbGpPWpGaD
Fludiazepam—GABRA2—Transmembrane transport of small molecules—AVP—alcohol dependence	2.29e-05	0.000268	CbGpPWpGaD
Fludiazepam—GABRB3—Transmembrane transport of small molecules—AVP—alcohol dependence	2.27e-05	0.000266	CbGpPWpGaD
Fludiazepam—Clozapine—DRD2—alcohol dependence	2.23e-05	0.00363	CrCbGaD
Fludiazepam—GABRG2—Transmembrane transport of small molecules—AVP—alcohol dependence	2.23e-05	0.000262	CbGpPWpGaD
Fludiazepam—Diazepam—CYP2E1—alcohol dependence	2.18e-05	0.00354	CrCbGaD
Fludiazepam—Clozapine—CYP2E1—alcohol dependence	2.15e-05	0.00349	CrCbGaD
Fludiazepam—Loxapine—HTR2A—alcohol dependence	2.06e-05	0.00334	CrCbGaD
Fludiazepam—GABRA1—Transmembrane transport of small molecules—AVP—alcohol dependence	1.95e-05	0.000229	CbGpPWpGaD
Fludiazepam—Clozapine—HTR2A—alcohol dependence	1.73e-05	0.00281	CrCbGaD
